RSRP (dB) | MCS | SINR (dB) | DL Brate (bps) | BLER (%)
--------------------------------------------------------------------------
-40 8 17 6.0M 1 
-39 7 15 6.1M 0 
-39 10 17 8.4M 0 
-39 9 17 8.0M 0 
-38 7 17 6.2M 0 
-39 7 17 6.1M 0 
-39 7 17 6.0M 0 
-38 5 17 4.8M 0 
-38 4 17 4.2M 0 
-38 4 17 4.3M 0 
-38 5 17 4.4M 0 
-38 5 17 4.5M 0 
-39 4 16 4.1M 0 
-39 4 17 4.2M 0 
-38 5 17 4.7M 0 
-38 4 17 4.4M 0 
-39 4 16 4.3M 0 
-38 4 17 4.2M 0 
-38 5 17 4.4M 0 
-38 5 17 4.5M 0 
-38 5 17 4.4M 0 
-38 4 17 4.3M 0 
-38 4 17 4.2M 0 
-39 3 15 3.0M 0 
-40 1 15 2.2M 0 
-40 2 15 2.3M 0 
-40 1 15 2.2M 0 
-39 3 16 3.2M 0 
-39 1 15 2.3M 0 
-39 1 14 2.3M 0 
-40 2 14 2.3M 0 
-40 3 14 3.5M 0 
-39 2 14 2.5M 0 
-40 2 14 2.2M 0 
-40 2 14 2.5M 0 
-39 3 16 3.2M 0 
-38 4 17 4.1M 0 
-38 4 17 4.3M 0 
-38 4 17 4.4M 0 
-38 4 17 4.3M 0 
-38 5 17 4.5M 0 
-39 4 17 4.3M 0 
-39 4 17 4.3M 0 
-39 6 17 6.0M 0 
-39 6 17 6.1M 0 
-38 6 17 6.0M 0 
-38 5 17 5.3M 0 
-38 5 17 4.6M 0 
-38 5 17 4.7M 0 
-38 4 17 4.4M 0 
-38 5 17 4.5M 0 
-38 4 17 4.3M 0 
-38 5 17 4.5M 0 
-38 5 17 4.5M 0 
-39 5 17 4.4M 0 
-38 5 17 4.5M 0 
-59 0 10 1.4M 0 
-61 0 7 1.3M 0 
-54 2 8 1.9M 2 
-45 2 12 2.9M 0 
-46 1 12 2.0M 0 
-41 2 33 117k 0 
-40 0 35 0.0 