RSRP (dB) | MCS | SINR (dB) | DL Brate (bps) | BLER (%)
--------------------------------------------------------------------------
-65 5 13 1.5M 18 
-69 1 6 1.5M 0 
-70 1 6 1.9M 0 
-70 2 6 2.6M 0 
-67 4 6 3.5M 0 
-66 5 7 4.3M 0 
-65 6 7 4.9M 3 
-66 5 7 4.1M 0 
-67 3 7 2.9M 0 
-67 1 7 1.9M 0 
-66 1 7 1.7M 0 
-67 1 7 1.9M 0 
-67 1 7 1.7M 0 
-67 1 7 1.8M 0 
-68 0 7 1.5M 0 
-67 0 7 1.6M 0 
-67 0 7 1.6M 0 
-67 0 7 1.6M 0 
-68 0 7 1.5M 0 
-67 0 7 1.5M 0 
-67 0 7 1.6M 0 
-67 0 7 1.5M 0 
-67 0 7 1.6M 0 
-68 1 7 1.7M 0 
-67 1 7 1.8M 0 
-67 1 7 1.8M 0 
-67 1 7 1.8M 0 
-67 1 7 1.8M 0 
-67 1 7 2.0M 0 
-67 1 7 2.1M 0 
-66 1 7 2.0M 0 
-66 1 7 2.0M 0 
-66 2 7 2.1M 0 
-66 2 7 2.1M 0 
-67 1 7 1.9M 0 
-66 1 7 1.8M 0 
-67 0 7 1.7M 0 
-67 1 7 1.9M 0 
-67 2 7 2.1M 0 
-67 2 7 2.1M 0 
-66 2 7 2.1M 0 
-67 2 7 2.1M 0 
-67 1 7 2.0M 0 
-68 0 7 1.7M 0 
-67 0 7 1.6M 0 
-67 1 7 1.8M 0 
-67 1 7 1.9M 0 
-66 2 7 2.1M 0 
