RSRP (dB) | MCS | SINR (dB) | DL Brate (bps) | BLER (%)
--------------------------------------------------------------------------
-60 4 7 3.7M 0 
-61 5 7 4.7M 2 
-61 6 7 4.5M 5 
-61 6 7 4.7M 3 
-61 5 7 4.2M 4 
-62 6 7 4.7M 3 
-61 6 7 4.7M 5 
-61 6 7 4.9M 4 
-62 5 7 4.5M 3 
-63 4 7 3.9M 3 
-63 5 7 4.0M 3 
-63 5 7 4.3M 2 
-64 5 7 4.2M 5 
-64 5 7 4.1M 2 
-63 5 7 4.5M 2 
-64 6 7 4.9M 3 
-64 6 7 4.7M 4 
-64 6 7 4.9M 4 
-64 6 7 4.8M 4 
-63 5 7 4.4M 5 
-63 5 7 4.2M 1 
-63 5 7 4.4M 4 
-64 5 7 4.3M 4 
-63 5 7 3.9M 6 
-63 4 7 3.8M 1 
-63 5 7 4.2M 1 
-62 5 7 4.4M 1 
-62 5 7 4.1M 6 
-63 5 7 4.1M 2 
-61 5 7 4.2M 0 
-61 5 7 4.5M 2 
-61 6 7 4.8M 2 
-61 6 7 4.8M 4 
-62 5 7 4.7M 2 
-62 5 7 4.4M 2 
-61 5 7 4.4M 3 
-61 5 7 4.5M 3 
-61 5 7 4.5M 3 
-62 5 7 4.6M 3 
-62 5 7 4.3M 2 
-61 5 7 4.5M 2 
-61 4 8 4.0M 0 
-61 4 7 4.0M 0 
-60 5 7 4.4M 1 
-60 6 7 4.7M 4 
-61 6 7 4.7M 3 
-60 5 7 4.5M 2 
-61 6 7 4.8M 3 
-60 5 7 4.5M 4 
-61 5 7 4.5M 4 
-61 6 7 4.6M 3 
-61 6 7 4.9M 4 
-60 6 7 4.6M 4 
-60 6 7 4.7M 4 
-61 5 7 4.5M 5 
-61 6 7 4.6M 4 
-61 6 7 4.7M 4 
-61 5 7 4.6M 0 
-61 5 7 4.3M 0 
-57 5 13 3.1M 2 
-50 0 29 0.0 -50 0 30 0.0 