RSRP (dB) | MCS | SINR (dB) | DL Brate (bps) | BLER (%)
--------------------------------------------------------------------------
-64 6 7 5.2M 5 
-64 6 7 5.3M 4 
-64 6 7 5.3M 3 
-65 6 7 4.9M 7 
-64 6 7 4.8M 4 
-64 6 7 5.1M 2 
-64 7 7 5.4M 5 
-63 6 7 5.4M 2 
-63 7 7 5.3M 8 
-63 6 7 5.5M 0 
-63 7 7 5.0M 8 
-64 6 7 4.8M 3 
-64 6 7 5.0M 3 
-65 6 7 5.1M 5 
-65 6 7 5.4M 2 
-65 6 7 5.4M 3 
-65 6 7 5.4M 2 
-65 7 7 5.3M 5 
-66 6 7 5.2M 6 
-66 6 7 5.0M 8 
-66 5 6 4.2M 6 
-67 4 6 3.6M 4 
-67 4 6 3.8M 1 
-67 5 7 4.2M 3 
-67 5 7 4.4M 4 
-65 6 7 5.0M 3 
-64 6 7 5.0M 3 
-64 6 7 5.1M 4 
-64 6 7 4.8M 6 
-64 5 7 4.6M 4 
-65 6 7 5.0M 4 
-64 5 7 4.5M 4 
-64 6 7 5.3M 4 
-64 6 7 5.1M 5 
-64 6 7 5.2M 3 
-64 6 7 5.4M 3 
-63 6 7 5.5M 2 
-64 7 7 5.4M 4 
-64 7 7 5.4M 4 
-64 7 7 5.1M 8 
-63 6 7 4.8M 3 
-64 5 7 4.6M 4 
-64 6 7 5.0M 4 
-64 6 7 5.4M 2 
-64 7 7 5.3M 6 
-64 6 7 5.4M 3 
-64 7 7 5.4M 4 
-65 6 7 5.3M 4 
-65 6 7 5.4M 3 
-64 6 7 5.4M 2 
-64 7 7 5.4M 5 
-65 7 7 5.4M 5 
-65 7 7 5.4M 5 
-66 6 7 5.4M 2 
-65 7 7 5.3M 5 
-64 7 7 5.4M 4 
-64 8 7 5.2M 9 
-60 4 17 1.5M 0 
-55 0 26 0.0 -56 0 25 0.0 -56 0 25 0.0 