RSRP (dB) | MCS | SINR (dB) | DL Brate (bps) | BLER (%)
--------------------------------------------------------------------------
-60 2 8 2.0M 3 
-61 3 7 2.9M 0 
-60 5 7 4.3M 0 
-60 6 7 4.8M 3 
-60 6 7 5.0M 5 
-60 7 7 5.3M 5 
-60 6 7 5.0M 4 
-59 6 7 4.9M 4 
-59 6 7 4.9M 3 
-59 6 7 5.0M 6 
-59 6 7 4.8M 4 
-59 6 7 4.9M 4 
-59 6 7 4.6M 4 
-59 6 7 5.0M 4 
-59 6 7 4.9M 5 
-60 6 7 4.9M 4 
-60 6 7 5.1M 4 
-59 6 7 4.8M 5 
-60 6 7 4.6M 5 
-59 6 7 4.9M 4 
-59 6 7 5.1M 4 
-59 6 7 5.2M 5 
-59 6 7 4.8M 4 
-59 6 7 4.9M 3 
-59 6 7 4.8M 5 
-60 6 7 4.9M 4 
-59 6 7 4.8M 4 
-60 6 7 4.7M 4 
-59 6 7 4.9M 4 
-60 6 7 4.7M 4 
-60 6 7 4.7M 3 
-60 6 7 4.5M 5 
-59 6 7 4.9M 4 
-60 6 7 4.8M 5 
-61 6 7 4.8M 4 
-62 6 7 5.2M 4 
-61 6 7 4.6M 5 
-61 6 7 5.0M 5 
-61 6 7 5.1M 4 
-61 6 7 4.8M 3 
-60 6 7 5.2M 4 
-60 6 7 5.0M 4 
-60 6 7 4.9M 4 
-61 6 7 4.9M 4 
-61 5 7 4.4M 4 
-61 6 7 4.8M 4 
-61 6 7 5.0M 4 
-60 6 7 4.3M 7 
-60 5 7 4.4M 2 
-61 6 7 4.8M 4 
-61 7 7 5.4M 4 
-61 6 7 4.7M 5 
-61 5 7 4.4M 4 
-62 6 7 4.8M 4 
-62 6 7 4.9M 5 
-61 6 7 5.0M 4 
-61 6 7 4.8M 4 
-61 6 7 5.0M 5 
-61 6 7 4.9M 4 
-62 6 7 4.6M 4 
-62 5 7 4.3M 4 
-50 12 30 2.6k 25 
-50 0 30 0.0 -50 0 30 0.0 -56 0 23 0.0 -55 0 25 0.0 -55 0 25 0.0 -54 0 26 0.0 -50 0 27 0.0 