RSRP (dB) | MCS | SINR (dB) | DL Brate (bps) | BLER (%)
--------------------------------------------------------------------------
-62 0 7 1.6M 0 
-62 1 7 1.9M 0 
-63 2 7 2.4M 0 
-63 2 7 2.3M 0 
-62 4 7 3.6M 0 
-62 4 7 3.6M 0 
-63 4 7 3.7M 0 
-62 4 7 4.1M 0 
-62 4 7 3.9M 0 
-62 3 7 3.3M 0 
-62 2 7 2.5M 0 
-62 2 7 2.2M 0 
-62 0 7 1.6M 0 
-62 0 7 1.7M 0 
-62 1 7 1.8M 0 
-62 2 7 2.3M 0 
-63 1 7 1.9M 0 
-63 2 7 2.2M 0 
-63 2 7 2.1M 0 
-63 2 7 2.2M 0 
-62 2 7 2.4M 0 
-62 2 7 2.4M 0 
-62 2 7 2.3M 0 
-62 2 7 2.5M 0 
-62 2 7 2.4M 0 
-62 2 7 2.4M 0 
-61 2 7 2.5M 0 
-61 2 7 2.2M 0 
-62 2 7 2.3M 0 
-62 3 7 2.9M 0 
-62 2 7 2.3M 0 
-61 1 7 1.8M 0 
-61 1 7 1.9M 0 
-62 2 7 2.3M 0 
-62 2 7 2.3M 0 
-62 2 7 2.3M 0 
-62 1 7 1.9M 0 
-62 0 7 1.6M 0 
-62 1 7 1.5M 4 
-62 1 7 1.4M 0 
-61 0 7 1.5M 0 
-62 0 7 1.7M 0 
-62 1 7 1.8M 0 
-62 1 7 2.1M 0 
-61 1 7 1.9M 0 
-62 1 7 1.9M 0 
-62 2 7 2.3M 0 
-62 2 7 2.4M 0 
-61 2 7 2.2M 2 
-61 1 7 1.8M 0 
-61 1 7 1.8M 0 
-61 2 7 2.2M 0 
-61 2 7 2.3M 0 
-62 1 7 1.9M 0 
-62 1 7 1.8M 0 
-62 0 7 1.6M 0 
-62 0 7 1.6M 0 
-62 0 7 1.5M 0 
-61 0 7 1.5M 0 
-62 1 7 2.1M 0 
-62 2 7 2.3M 0 
-62 2 7 2.4M 0 
-52 2 28 82k 0 
-51 0 30 0.0 -51 0 30 0.0 