RSRP (dB) | MCS | SINR (dB) | DL Brate (bps) | BLER (%)
--------------------------------------------------------------------------
-65 2 8 1.9M 6 
-66 2 7 2.1M 0 
-66 2 7 2.1M 0 
-68 4 6 3.6M 1 
-69 4 6 3.6M 0 
-68 4 6 3.8M 2 
-67 4 7 3.9M 0 
-67 5 7 4.6M 1 
-66 5 7 4.4M 2 
-67 6 7 5.4M 2 
-69 6 6 4.9M 4 
-70 4 6 3.6M 2 
-69 4 6 3.9M 0 
-68 4 6 3.9M 0 
-68 4 6 3.9M 1 
-68 4 7 3.8M 1 
-68 4 7 3.9M 0 
-68 4 7 3.8M 1 
-67 4 7 3.6M 0 
-67 4 7 3.8M 0 
-67 4 7 3.9M 0 
-67 4 7 4.1M 0 
-66 6 7 4.9M 1 
-66 5 7 4.4M 1 
-67 5 7 4.3M 2 
-69 4 6 3.5M 2 
-68 2 6 2.2M 0 
-69 2 6 2.4M 0 
-69 2 6 2.1M 5 
-69 1 6 2.0M 0 
-68 2 6 2.1M 0 
-68 2 6 2.1M 0 
-68 1 7 1.9M 1 
-65 2 7 2.2M 0 
-65 3 7 3.1M 0 
-66 4 7 3.9M 1 
-67 4 7 3.9M 0 
-68 4 6 3.7M 0 
-67 4 7 3.9M 0 
-67 4 7 3.8M 0 
-66 4 7 3.9M 0 
-67 4 7 3.9M 1 
-67 3 7 3.0M 3 
-67 1 7 2.0M 0 
-68 2 6 2.0M 0 
-70 1 6 2.0M 0 
-68 2 6 2.1M 0 
-68 1 6 2.0M 0 
-67 1 7 1.7M 0 
-67 2 7 2.1M 0 
-68 2 6 2.1M 0 
-68 3 6 3.2M 0 
-68 4 6 3.4M 0 
-67 4 7 3.8M 0 
-69 4 6 3.8M 1 
-68 4 6 3.8M 2 
-68 4 6 3.8M 1 
-68 4 6 3.8M 3 
-68 2 7 2.3M 2 
-68 2 6 2.1M 0 
-68 3 6 2.7M 1 
-60 2 19 492k 0 
-56 0 24 0.0 -57 0 24 0.0 