RSRP (dB) | MCS | SINR (dB) | DL Brate (bps) | BLER (%)
--------------------------------------------------------------------------
-64 4 7 3.7M 0 
-64 6 7 5.1M 1 
-64 6 7 5.4M 1 
-64 7 7 5.4M 5 
-64 7 7 5.4M 5 
-64 6 7 5.4M 3 
-64 7 7 5.4M 4 
-64 7 7 5.4M 4 
-64 6 7 5.4M 4 
-64 7 7 5.4M 5 
-64 7 7 5.4M 4 
-64 7 7 5.4M 5 
-64 6 7 5.0M 4 
-64 6 7 5.5M 1 
-64 7 7 5.4M 5 
-64 7 7 5.4M 4 
-64 6 7 5.5M 0 
-64 7 7 5.4M 4 
-64 6 7 5.4M 4 
-64 6 7 5.4M 4 
-64 7 7 5.3M 5 
-64 6 7 5.4M 3 
-64 6 7 5.4M 4 
-64 7 7 5.4M 4 
-64 6 7 5.4M 4 
-64 7 7 5.2M 7 
-64 6 7 4.9M 5 
-64 6 7 5.4M 1 
-64 6 7 5.4M 1 
-64 6 7 5.4M 4 
-64 7 7 5.4M 4 
-64 7 7 5.3M 5 
-63 6 7 5.4M 2 
-64 7 7 5.4M 4 
-64 7 7 5.3M 7 
-64 6 7 5.4M 2 
-64 6 7 5.4M 3 
-64 6 7 5.4M 4 
-64 7 7 5.4M 5 
-64 6 7 5.4M 4 
-64 7 7 5.4M 4 
-63 6 7 5.4M 4 
-64 7 7 5.4M 4 
-64 6 7 5.4M 3 
-64 7 7 5.4M 4 
-64 7 7 5.3M 7 
-64 7 7 5.2M 6 
-64 5 7 4.8M 2 
-64 6 7 5.4M 3 
-64 6 7 5.5M 1 
-64 7 7 5.4M 4 
-64 7 7 5.4M 4 
-64 7 7 5.3M 6 
-64 6 7 4.5M 7 
-64 6 7 4.9M 0 
-64 6 7 5.4M 3 
-64 6 7 5.4M 3 
-64 7 7 5.4M 5 
-64 6 7 5.4M 3 
-64 7 7 5.3M 5 
-54 6 26 439k 1 
