RSRP (dB) | MCS | SINR (dB) | DL Brate (bps) | BLER (%)
--------------------------------------------------------------------------
-67 1 7 2.0M 0 
-67 4 7 3.6M 0 
-67 6 7 5.0M 2 
-67 6 7 5.4M 2 
-67 6 7 5.4M 2 
-65 10 11 3.4M 22 
-65 2 10 1.8M 6 
-65 2 7 2.2M 0 
-66 4 7 3.9M 0 
-67 5 7 4.7M 3 
-66 6 7 5.4M 1 
-63 11 14 2.9M 27 
-67 1 7 1.8M 2 
-66 2 7 2.5M 0 
-67 4 7 3.9M 0 
-67 6 7 5.3M 3 
-66 6 7 5.4M 2 
-67 6 7 5.3M 3 
-67 6 7 5.2M 6 
-68 6 6 5.0M 5 
-67 5 7 4.4M 3 
-67 5 7 4.7M 4 
-67 5 7 4.4M 4 
-67 5 7 4.4M 4 
-67 4 7 3.9M 0 
-67 5 7 4.4M 0 
-67 6 7 5.2M 3 
-67 6 7 5.3M 2 
-67 5 7 4.7M 1 
-67 6 7 5.1M 3 
-67 6 7 5.2M 4 
-68 6 7 5.3M 4 
-67 6 7 4.9M 3 
-67 6 7 4.9M 4 
-67 5 7 3.7M 6 
-68 4 7 3.9M 0 
-67 6 7 5.0M 4 
-67 6 7 5.2M 4 
-68 6 7 5.3M 3 
-67 6 7 5.4M 3 
-67 6 7 5.3M 3 
-67 6 7 4.5M 8 
-67 6 7 4.8M 2 
-67 6 7 5.4M 3 
-67 6 7 5.2M 5 
-67 6 7 4.9M 6 
-67 4 7 3.9M 3 
-67 6 7 4.8M 3 
-67 5 7 4.2M 4 
-67 6 7 4.9M 2 
-67 6 7 5.4M 2 
-67 6 7 5.3M 3 
-67 6 7 5.0M 6 
-67 5 7 3.4M 7 
-67 4 7 3.9M 0 
-67 6 7 5.0M 3 
-67 6 7 5.4M 2 
-67 6 7 5.1M 6 
-67 6 7 5.0M 2 
-67 6 7 5.3M 3 
-56 14 26 2.5k 0 
-56 0 26 0.0 