RSRP (dB) | MCS | SINR (dB) | DL Brate (bps) | BLER (%)
--------------------------------------------------------------------------
-55 6 8 5.4M 1 
-55 7 8 5.5M 5 
-54 7 8 5.8M 4 
-51 10 10 7.1M 8 
-53 7 9 5.5M 2 
-54 7 8 5.9M 3 
-54 8 8 6.3M 4 
-54 8 8 6.2M 5 
-54 7 8 5.8M 5 
-54 8 8 6.2M 4 
-54 8 8 6.2M 4 
-54 9 8 6.7M 4 
-54 8 8 6.4M 5 
-55 7 8 5.4M 5 
-55 8 8 6.0M 5 
-54 8 8 6.6M 4 
-54 10 8 6.4M 9 
-55 6 8 5.2M 0 
-55 6 8 5.3M 3 
-55 8 8 6.0M 4 
-56 7 8 5.3M 4 
-54 8 8 6.0M 4 
-55 7 8 5.4M 5 
-53 8 9 5.9M 5 
-50 10 10 7.3M 4 
-51 9 9 7.1M 4 
-52 9 9 6.7M 4 
-52 9 9 6.6M 4 
-52 9 9 6.8M 4 
-52 9 9 6.8M 4 
-52 10 9 7.3M 4 
-52 9 9 7.1M 4 
-49 10 11 7.4M 6 
-49 10 11 7.3M 6 
-49 10 11 7.6M 4 
-49 10 11 6.9M 7 
-49 9 11 7.2M 4 
-49 9 11 7.1M 4 
-49 10 11 7.4M 4 
-50 9 10 6.7M 3 
-51 7 9 5.9M 1 
-48 11 11 8.2M 6 
-50 7 9 5.7M 4 
-35 16 16 14M 7 
-30 22 22 22M 5 
-30 22 22 23M 4 
-32 22 22 23M 4 
-44 15 16 14M 5 
-49 10 11 7.3M 5 
-54 4 8 3.5M 0 
-57 4 7 4.1M 0 
-56 5 7 4.4M 4 
-56 6 7 4.8M 4 
-58 6 7 4.9M 4 
-57 6 7 4.9M 4 
-56 6 8 4.9M 5 
-55 6 8 5.0M 4 
-54 6 8 5.0M 4 
-55 6 8 4.7M 3 
-48 6 25 953k 6 
-47 0 31 0.0 -46 0 31 0.0 -46 0 32 0.0 -46 0 32 0.0 -45 0 32 0.0 