RSRP (dB) | MCS | SINR (dB) | DL Brate (bps) | BLER (%)
--------------------------------------------------------------------------
-49 5 10 4.3M 0 
-49 8 10 6.4M 3 
-49 8 10 6.5M 3 
-49 9 10 6.8M 4 
-49 9 10 6.9M 4 
-49 9 10 7.1M 5 
-50 9 10 6.6M 4 
-50 8 10 6.6M 3 
-50 8 10 6.4M 3 
-49 9 10 6.6M 4 
-49 9 10 6.8M 4 
-49 9 10 6.8M 3 
-51 8 9 6.5M 3 
-50 10 10 7.7M 4 
-50 9 10 6.9M 5 
-50 9 10 6.8M 4 
-50 10 10 7.4M 5 
-50 9 10 6.9M 4 
-50 10 10 7.5M 4 
-50 8 10 6.4M 4 
-49 9 10 7.1M 4 
-50 10 10 7.3M 4 
-50 9 10 7.0M 5 
-50 9 10 6.8M 3 
-50 10 10 7.3M 4 
-49 10 10 7.7M 4 
-50 9 10 7.2M 4 
-50 9 10 6.9M 4 
-50 10 10 7.5M 4 
-50 9 10 6.8M 4 
-50 10 10 7.3M 4 
-50 10 10 7.4M 4 
-50 9 10 6.9M 4 
-50 10 10 7.4M 4 
-50 9 10 6.8M 4 
-50 9 10 7.3M 4 
-50 10 10 7.5M 4 
-50 10 10 7.4M 4 
-50 9 10 6.8M 4 
-50 9 10 7.0M 3 
-50 10 10 7.5M 5 
-49 9 10 6.9M 4 
-49 9 10 7.3M 5 
-50 9 10 7.3M 4 
-49 10 10 7.6M 4 
-49 9 10 6.9M 4 
-50 8 10 6.5M 5 
-50 9 10 6.9M 4 
-50 9 10 7.1M 4 
-50 9 10 7.1M 4 
-50 9 10 7.2M 4 
-50 9 10 7.0M 3 
-50 10 10 7.4M 4 
-50 9 10 6.9M 4 
-50 9 10 6.9M 4 
-50 10 10 7.4M 4 
-50 9 10 6.9M 5 
-50 9 10 6.8M 5 
-50 9 10 7.0M 4 
-45 10 27 1.9M 4 
-43 0 33 0.0 -44 0 33 0.0 -44 0 34 0.0 -44 0 33 0.0 -44 0 33 0.0 -44 0 34 0.0 -43 0 34 0.0 -43 0 33 0.0 -43 0 34 0.0 -43 0 33 0.0 -44 0 33 0.0 