RSRP (dB) | MCS | SINR (dB) | DL Brate (bps) | BLER (%)
--------------------------------------------------------------------------
-48 8 10 6.6M 2 
-48 9 10 7.1M 6 
-47 10 11 7.9M 5 
-48 9 11 7.5M 2 
-49 10 9 7.5M 4 
-48 10 10 8.0M 3 
-48 10 10 7.8M 5 
-48 10 11 7.8M 5 
-48 9 10 7.4M 3 
-48 10 10 7.3M 5 
-48 10 11 7.5M 5 
-48 10 11 7.6M 4 
-47 10 11 7.3M 5 
-47 10 11 7.6M 5 
-47 10 11 7.5M 4 
-46 11 12 8.5M 5 
-45 11 12 9.2M 4 
-45 11 12 8.9M 5 
-45 11 12 9.0M 4 
-46 10 11 8.0M 4 
-47 10 10 7.4M 4 
-45 11 12 8.6M 5 
-45 11 12 8.7M 4 
-45 10 12 8.2M 4 
-45 10 12 8.2M 4 
-45 11 12 8.6M 4 
-45 10 12 8.3M 4 
-45 11 12 9.0M 4 
-45 11 12 8.6M 5 
-46 11 11 8.5M 4 
-48 10 10 7.2M 5 
-47 9 10 7.2M 4 
-46 11 12 8.7M 4 
-46 11 12 8.6M 4 
-46 10 11 7.8M 5 
-45 11 12 8.8M 3 
-45 11 12 8.7M 4 
-45 11 12 8.7M 5 
-45 11 12 8.5M 5 
-45 11 12 8.6M 3 
-45 11 12 8.7M 4 
-45 11 12 8.4M 4 
-46 10 11 7.7M 4 
-46 10 11 8.0M 5 
-45 11 12 9.1M 3 
-45 11 12 9.1M 4 
-45 11 12 9.3M 3 
-47 10 11 7.7M 4 
-47 10 11 7.4M 4 
-47 10 11 7.5M 5 
-47 10 11 7.5M 5 
-47 10 11 7.6M 3 
-47 10 11 7.6M 4 
-47 10 11 7.6M 4 
-47 10 11 7.6M 4 
-47 10 11 7.6M 4 
-47 10 11 7.6M 4 
-44 10 22 3.6M 3 
-41 0 34 0.0 -41 0 34 0.0 