RSRP (dB) | MCS | SINR (dB) | DL Brate (bps) | BLER (%)
--------------------------------------------------------------------------
-65 3 7 3.2M 0 
-65 4 7 4.0M 1 
-65 6 7 4.9M 4 
-65 5 7 4.6M 4 
-65 5 7 4.4M 4 
-65 5 7 4.0M 6 
-65 5 7 4.3M 1 
-65 6 7 5.2M 5 
-65 6 7 4.9M 4 
-64 5 7 4.7M 3 
-64 6 7 5.1M 4 
-64 6 7 5.0M 2 
-64 5 7 4.7M 2 
-65 6 7 4.7M 3 
-64 5 7 4.1M 1 
-64 6 7 4.8M 3 
-64 6 7 4.7M 4 
-64 5 7 4.6M 4 
-64 6 7 5.2M 3 
-64 6 7 4.9M 4 
-64 6 7 5.0M 4 
-65 6 7 5.2M 4 
-65 6 7 5.1M 3 
-65 6 7 5.4M 2 
-65 6 7 4.6M 5 
-65 6 7 5.3M 3 
-65 5 7 4.4M 3 
-64 5 7 4.4M 3 
-64 6 7 4.9M 3 
-64 6 7 5.1M 4 
-64 5 7 4.6M 4 
-64 6 7 4.8M 4 
-64 6 7 5.3M 3 
-64 6 7 5.2M 4 
-64 6 7 5.1M 4 
-64 6 7 5.2M 4 
-64 6 7 4.9M 5 
-64 6 7 4.4M 9 
-64 5 7 4.1M 0 
-64 5 7 4.6M 2 
-64 6 7 4.7M 4 
-64 5 7 4.6M 4 
-64 6 7 5.4M 3 
-64 5 7 4.2M 4 
-64 5 7 4.4M 3 
-64 6 7 5.2M 4 
-64 7 7 4.4M 6 
-64 4 7 4.0M 0 
-64 5 7 4.5M 4 
-65 6 7 5.2M 4 
-65 5 7 4.5M 4 
-65 6 7 4.9M 4 
-65 6 7 5.1M 4 
-65 6 7 5.2M 3 
-65 6 7 5.1M 4 
-65 5 7 4.7M 4 
-64 5 7 4.4M 5 
-64 4 7 3.1M 6 
-64 4 7 3.5M 0 
-62 5 11 3.1M 1 
-53 0 27 0.0 -53 0 26 0.0 -53 0 26 0.0 -53 0 26 0.0 -53 0 26 0.0 -51 0 27 0.0 -51 0 27 0.0 -52 0 27 0.0 -52 0 27 0.0 