RSRP (dB) | MCS | SINR (dB) | DL Brate (bps) | BLER (%)
--------------------------------------------------------------------------
-43 7 13 6.7M 0 
-43 10 13 8.7M 0 
-41 14 14 12M 3 
-43 11 13 9.6M 2 
-43 12 13 10M 2 
-43 13 13 11M 4 
-43 13 13 11M 4 
-43 12 13 10M 4 
-44 12 13 10M 4 
-44 12 13 10M 4 
-44 12 13 10M 4 
-45 11 11 8.9M 3 
-45 12 12 9.0M 6 
-44 11 12 9.5M 2 
-44 12 13 9.9M 4 
-43 12 13 10M 4 
-43 12 13 10M 4 
-43 13 13 11M 4 
-43 13 13 11M 4 
-44 12 13 10M 5 
-43 12 13 10M 4 
-44 12 13 10M 4 
-43 12 13 10M 4 
-44 12 13 10M 4 
-43 13 13 11M 4 
-43 12 13 11M 4 
-43 12 13 10M 4 
-43 12 13 10M 4 
-43 12 13 10M 4 
-42 12 13 10M 4 
-43 12 13 11M 4 
-43 12 13 10M 4 
-43 12 13 10M 5 
-43 12 13 10M 4 
-43 12 13 10M 4 
-43 12 13 10M 4 
-43 12 13 10M 4 
-43 12 13 9.9M 4 
-43 12 13 10.0M 4 
-43 12 13 11M 4 
-43 12 13 10M 4 
-43 12 13 10M 4 
-43 12 13 11M 4 
-43 12 13 10M 4 
-43 12 13 10M 4 
-43 12 13 11M 4 
-43 12 13 11M 4 
-43 13 13 11M 4 
-43 12 13 9.8M 4 
-43 12 13 10M 4 
-43 12 13 10M 4 
-43 12 13 10M 5 
-43 12 13 10M 4 
-43 12 13 10M 4 
-43 12 13 10M 5 
-43 12 13 10M 4 
-43 12 13 10M 4 
-43 13 13 11M 4 
-43 12 13 10M 4 
-41 12 21 6.2M 4 
-39 0 35 0.0 -38 0 34 0.0 -38 0 34 1.4k 0 
