RSRP (dB) | MCS | SINR (dB) | DL Brate (bps) | BLER (%)
--------------------------------------------------------------------------
-62 2 7 2.7M 0 
-63 5 7 4.2M 0 
-63 6 7 5.4M 3 
-62 6 7 4.9M 5 
-62 6 7 5.3M 4 
-62 6 7 5.0M 4 
-63 6 7 5.0M 4 
-63 6 7 4.8M 5 
-63 6 7 5.1M 4 
-63 6 7 4.2M 6 
-63 5 7 4.5M 0 
-63 6 7 4.8M 5 
-63 6 7 4.6M 4 
-63 6 7 4.9M 2 
-63 6 7 5.1M 3 
-63 6 7 5.0M 5 
-63 6 7 4.8M 5 
-63 6 7 4.9M 4 
-63 6 7 5.3M 1 
-63 7 7 5.4M 5 
-63 7 7 5.1M 7 
-63 6 7 5.0M 3 
-63 6 7 4.9M 4 
-64 6 7 5.0M 4 
-64 6 7 4.9M 5 
-63 6 7 4.8M 3 
-63 6 7 4.7M 3 
-63 6 7 4.5M 4 
-63 6 7 4.4M 6 
-64 5 7 4.8M 0 
-64 6 7 5.3M 4 
-64 7 7 5.3M 6 
-64 7 7 5.3M 6 
-63 6 7 4.6M 4 
-64 6 7 5.3M 1 
-64 6 7 5.4M 2 
-63 7 7 5.3M 9 
-63 6 7 5.0M 5 
-64 6 7 5.2M 4 
-63 6 7 4.9M 4 
-63 6 7 5.0M 4 
-63 5 7 4.8M 1 
-63 7 7 5.3M 5 
-63 6 7 4.9M 5 
-63 6 7 4.7M 4 
-63 6 7 4.7M 3 
-63 6 7 4.9M 4 
-62 6 7 5.0M 5 
-62 6 7 5.1M 4 
-63 6 7 5.0M 3 
-63 6 7 4.9M 5 
-63 6 7 4.9M 4 
-63 6 7 5.2M 4 
-62 6 7 4.8M 4 
-62 6 7 4.6M 4 
-62 6 7 5.0M 3 
-63 5 7 4.5M 4 
-63 6 7 4.9M 4 
-63 6 7 5.1M 4 
-53 7 27 114k 0 
-51 0 29 0.0 