RSRP (dB) | MCS | SINR (dB) | DL Brate (bps) | BLER (%)
--------------------------------------------------------------------------
-67 4 7 3.4M 4 
-67 3 7 2.7M 1 
-68 4 6 3.5M 2 
-67 4 7 3.3M 4 
-63 2 12 1.1M 9 
-66 1 7 1.6M 2 
-67 2 7 2.1M 0 
-67 1 7 1.8M 0 
-67 2 7 2.1M 0 
-67 4 7 3.4M 1 
-65 4 7 3.7M 4 
-66 4 7 3.8M 4 
-67 3 7 2.6M 3 
-66 2 7 2.0M 0 
-66 1 7 1.7M 0 
-65 1 8 1.6M 2 
-66 1 7 1.6M 0 
-65 2 8 1.7M 5 
-66 0 7 1.4M 0 
-67 2 6 2.1M 0 
-67 3 6 2.6M 4 
-67 4 6 3.7M 1 
-66 4 6 3.4M 5 
-65 1 6 1.6M 0 
-66 2 7 1.5M 4 
-67 0 6 1.3M 0 
-66 1 7 1.5M 0 
-65 3 10 1.6M 8 
-67 0 6 1.5M 0 
-66 1 6 2.0M 0 
-65 2 7 2.5M 1 
-65 3 7 2.9M 1 
-67 4 6 3.9M 0 
-66 5 7 4.3M 3 
-66 5 7 3.9M 6 
-66 4 7 3.8M 3 
-66 4 7 4.0M 2 
-66 4 7 3.8M 5 
-67 3 7 3.0M 4 
-66 4 7 3.3M 2 
-66 4 7 3.6M 2 
-65 4 7 3.2M 3 
-67 3 7 2.9M 2 
-67 4 7 3.7M 2 
-66 4 7 3.8M 1 
-66 3 7 2.7M 5 
-67 3 6 3.1M 3 
-67 2 7 2.2M 0 
-66 3 7 3.2M 0 
-65 4 7 3.0M 5 
-66 2 7 2.1M 0 
-65 3 7 2.4M 5 
-66 0 7 1.2M 0 
-66 2 6 1.2M 3 
-67 1 6 1.4M 5 
-67 0 6 1.4M 0 
-61 11 17 444k 0 
-55 0 24 0.0 -56 0 24 0.0 -56 0 24 0.0 -55 0 23 0.0 -55 0 23 0.0 -55 0 24 0.0 -55 0 23 0.0 -55 0 24 0.0 -55 0 24 0.0 -55 0 23 0.0 -55 0 24 0.0 -55 0 24 0.0 -56 0 23 0.0 -56 0 22 0.0 -55 0 23 0.0 -56 0 23 0.0 -56 0 24 0.0 -55 0 23 0.0 -56 0 23 0.0 -55 0 24 0.0 -55 0 22 0.0 -55 0 23 0.0 -54 0 24 0.0 -56 0 25 0.0 -57 0 20 0.0 -53 0 27 0.0 -53 0 27 0.0 