Filename: 0.txt
RSRP (dB) | MCS | SINR (dB) | DL Brate (bps) | BLER (%)
--------------------------------------------------------------------------
-61 6 7 4.9M 3 
-62 6 7 4.3M 4 
-62 6 7 4.7M 3 
-62 6 7 4.7M 4 
-62 6 7 4.4M 4 
-62 6 7 4.8M 4 
-61 6 7 5.1M 4 
-61 6 7 4.5M 4 
-61 6 7 4.2M 5 
-61 4 7 4.0M 0 
-61 5 7 4.2M 0 
-61 5 7 4.4M 0 
-61 5 7 4.6M 0 
-61 5 7 4.5M 3 
-61 5 7 4.5M 4 
-61 6 7 4.7M 4 
-61 6 7 4.8M 4 
-61 5 7 4.4M 4 
-61 6 7 4.7M 3 
-62 6 7 5.1M 2 
-62 6 7 5.0M 3 
-62 5 7 4.4M 1 
-62 5 7 4.2M 0 
-62 5 7 4.6M 3 
-61 5 7 4.5M 3 
-62 5 7 4.6M 2 
-62 4 7 3.8M 1 
-61 5 7 4.2M 0 
-62 5 7 4.5M 1 
-62 5 7 4.6M 2 
-62 6 7 4.6M 4 
-62 6 7 4.9M 4 
-62 5 7 4.5M 2 
-62 6 7 4.9M 3 
-61 5 7 3.6M 5 
-62 5 7 4.3M 0 
-61 5 7 4.3M 0 
-61 6 7 5.0M 2 
-61 6 7 4.9M 3 
-61 6 7 4.8M 3 
-61 6 7 4.9M 2 
-61 5 7 4.7M 1 
-61 5 7 4.7M 2 
-61 6 7 4.5M 7 
-62 5 7 4.4M 0 
-61 5 7 4.4M 0 
-62 4 8 4.1M 0 
-62 4 7 3.5M 0 
-62 5 7 4.3M 0 
-62 5 7 4.7M 1 
-61 5 7 4.5M 3 
-62 5 7 4.7M 1 
-62 4 7 3.8M 0 
-62 4 7 4.1M 0 
-62 5 7 4.5M 2 
-62 6 7 4.6M 3 
-62 5 7 4.5M 2 
-62 5 7 4.6M 1 
-62 5 7 4.6M 3 
-58 6 15 2.8M 3 
-50 0 30 0.0 

Filename: 2.txt
RSRP (dB) | MCS | SINR (dB) | DL Brate (bps) | BLER (%)
--------------------------------------------------------------------------
-63 6 7 5.4M 2 
-62 7 7 5.4M 4 
-63 7 7 5.4M 4 
-63 7 7 5.3M 6 
-63 7 7 5.0M 8 
-63 5 7 4.6M 1 
-62 6 7 5.1M 2 
-62 6 7 5.4M 3 
-61 6 7 4.9M 6 
-61 6 7 5.3M 2 
-63 6 7 5.5M 0 
-62 6 7 5.3M 4 
-62 6 7 5.4M 3 
-62 6 7 5.4M 4 
-62 7 7 5.3M 6 
-61 7 7 5.4M 5 
-62 6 7 5.4M 3 
-61 6 7 5.4M 2 
-61 6 7 5.0M 4 
-61 6 7 4.6M 5 
-61 6 7 5.1M 2 
-61 7 7 5.3M 5 
-61 5 7 4.4M 2 
-61 6 7 4.8M 4 
-61 6 7 5.1M 3 
-61 6 7 5.3M 5 
-61 6 7 5.0M 2 
-61 6 7 5.1M 4 
-61 6 7 5.2M 4 
-61 6 7 5.3M 3 
-61 7 7 5.4M 4 
-61 6 7 5.0M 6 
-61 6 7 4.8M 4 
-61 5 7 4.6M 3 
-61 6 7 4.7M 3 
-62 6 7 5.4M 2 
-61 6 7 5.1M 6 
-62 5 7 4.7M 1 
-62 6 7 5.0M 4 
-61 5 7 4.6M 3 
-61 6 7 5.1M 4 
-61 6 7 5.3M 2 
-62 6 7 4.9M 5 
-60 6 7 5.0M 5 
-60 6 7 4.9M 3 
-61 7 7 4.7M 7 
-62 5 7 4.2M 0 
-62 5 7 4.2M 3 
-61 6 7 5.1M 3 
-62 6 7 5.2M 3 
-63 6 7 5.2M 5 
-62 6 7 4.8M 4 
-62 7 7 5.4M 4 
-63 6 7 5.3M 3 
-63 6 7 4.9M 5 
-63 6 7 4.9M 2 
-59 7 14 3.5M 5 
-51 0 28 0.0 -51 0 28 0.0 -51 0 28 0.0 -51 0 28 0.0 -51 0 28 0.0 -51 0 28 0.0 -51 0 28 0.0 -51 0 28 0.0 -50 0 29 0.0 -50 0 28 0.0 -50 0 29 0.0 -50 0 29 0.0 -50 0 29 0.0 

Filename: -2.txt
RSRP (dB) | MCS | SINR (dB) | DL Brate (bps) | BLER (%)
--------------------------------------------------------------------------
-54 1 8 1.7M 0 
-53 1 8 1.9M 0 
-53 2 8 2.1M 0 
-53 2 8 2.1M 0 
-53 4 8 3.5M 0 
-53 4 8 3.7M 0 
-53 5 9 4.2M 0 
-53 4 8 3.7M 0 
-52 4 9 3.9M 0 
-53 3 8 2.9M 0 
-54 1 8 1.7M 0 
-53 0 8 1.6M 0 
-52 0 9 1.7M 0 
-53 0 9 1.5M 0 
-53 0 9 1.5M 0 
-53 0 9 1.6M 0 
-52 0 8 1.5M 0 
-54 0 8 1.5M 0 
-52 1 8 1.8M 0 
-53 0 8 1.6M 0 
-53 0 8 1.6M 0 
-53 0 9 1.5M 0 
-54 0 9 1.4M 0 
-53 0 8 1.5M 0 
-54 1 8 1.9M 0 
-51 0 17 880k 0 
-46 1 31 0.0 -45 1 32 4.7k 0 
-52 7 17 2.1M 16 
-55 1 8 1.6M 2 
-54 1 8 1.3M 0 
-55 0 8 1.4M 0 
-57 0 8 1.4M 0 
-55 0 8 1.4M 0 
-55 2 8 1.4M 5 
-57 1 8 1.3M 0 
-55 0 8 1.4M 0 
-55 0 8 1.4M 0 
-52 2 18 931k 5 
-55 2 8 1.6M 0 
-55 0 8 1.7M 0 
-54 4 8 3.6M 0 
-54 3 8 3.4M 0 
-53 6 8 5.4M 0 
-56 3 8 3.2M 0 
-55 2 8 2.6M 0 
-55 3 8 2.9M 0 
-55 2 8 2.7M 0 
-55 4 8 2.9M 5 
-55 3 8 3.1M 0 
-55 3 8 3.0M 0 
-57 5 8 4.2M 0 
-55 5 8 4.5M 0 
-54 4 8 3.7M 0 
-54 4 8 4.1M 0 
-54 4 8 3.9M 0 
-55 3 8 3.2M 0 
-55 3 8 2.9M 0 
-55 2 8 2.7M 0 
-54 4 9 3.2M 0 
-46 11 31 504 0 
-46 0 32 0.0 -46 0 32 0.0 -46 0 32 0.0 

Filename: 4.txt
RSRP (dB) | MCS | SINR (dB) | DL Brate (bps) | BLER (%)
--------------------------------------------------------------------------
-62 2 7 2.7M 0 
-63 5 7 4.2M 0 
-63 6 7 5.4M 3 
-62 6 7 4.9M 5 
-62 6 7 5.3M 4 
-62 6 7 5.0M 4 
-63 6 7 5.0M 4 
-63 6 7 4.8M 5 
-63 6 7 5.1M 4 
-63 6 7 4.2M 6 
-63 5 7 4.5M 0 
-63 6 7 4.8M 5 
-63 6 7 4.6M 4 
-63 6 7 4.9M 2 
-63 6 7 5.1M 3 
-63 6 7 5.0M 5 
-63 6 7 4.8M 5 
-63 6 7 4.9M 4 
-63 6 7 5.3M 1 
-63 7 7 5.4M 5 
-63 7 7 5.1M 7 
-63 6 7 5.0M 3 
-63 6 7 4.9M 4 
-64 6 7 5.0M 4 
-64 6 7 4.9M 5 
-63 6 7 4.8M 3 
-63 6 7 4.7M 3 
-63 6 7 4.5M 4 
-63 6 7 4.4M 6 
-64 5 7 4.8M 0 
-64 6 7 5.3M 4 
-64 7 7 5.3M 6 
-64 7 7 5.3M 6 
-63 6 7 4.6M 4 
-64 6 7 5.3M 1 
-64 6 7 5.4M 2 
-63 7 7 5.3M 9 
-63 6 7 5.0M 5 
-64 6 7 5.2M 4 
-63 6 7 4.9M 4 
-63 6 7 5.0M 4 
-63 5 7 4.8M 1 
-63 7 7 5.3M 5 
-63 6 7 4.9M 5 
-63 6 7 4.7M 4 
-63 6 7 4.7M 3 
-63 6 7 4.9M 4 
-62 6 7 5.0M 5 
-62 6 7 5.1M 4 
-63 6 7 5.0M 3 
-63 6 7 4.9M 5 
-63 6 7 4.9M 4 
-63 6 7 5.2M 4 
-62 6 7 4.8M 4 
-62 6 7 4.6M 4 
-62 6 7 5.0M 3 
-63 5 7 4.5M 4 
-63 6 7 4.9M 4 
-63 6 7 5.1M 4 
-53 7 27 114k 0 
-51 0 29 0.0 

Filename: -4.txt
RSRP (dB) | MCS | SINR (dB) | DL Brate (bps) | BLER (%)
--------------------------------------------------------------------------
-54 6 8 5.0M 0 
-54 6 8 5.3M 3 
-54 7 8 5.3M 5 
-54 7 8 5.3M 4 
-54 6 8 5.3M 4 
-54 7 8 5.3M 5 
-54 7 8 5.3M 4 
-54 7 8 5.4M 5 
-54 7 8 5.4M 4 
-54 7 8 5.4M 4 
-54 7 8 5.4M 5 
-56 6 8 5.1M 3 
-55 6 8 5.1M 4 
-55 6 8 5.2M 4 
-56 6 8 5.2M 3 
-56 6 8 5.1M 4 
-55 6 8 5.3M 4 
-55 6 8 5.1M 5 
-55 6 8 5.2M 4 
-56 6 8 4.7M 4 
-56 6 8 5.1M 4 
-55 6 8 5.0M 4 
-55 6 8 5.2M 5 
-55 7 8 5.4M 4 
-55 7 8 5.4M 4 
-54 7 8 5.4M 4 
-54 7 8 5.4M 4 
-54 6 8 5.1M 5 
-54 7 8 5.4M 4 
-54 7 8 5.3M 4 
-55 7 8 5.4M 4 
-55 6 8 5.3M 4 
-55 7 8 5.2M 8 
-55 6 8 5.3M 0 
-55 7 8 5.4M 4 
-55 6 8 5.1M 4 
-55 6 8 5.2M 4 
-55 7 8 5.4M 4 
-55 7 8 5.3M 5 
-55 7 8 5.4M 4 
-55 7 8 5.4M 4 
-55 7 8 5.4M 4 
-55 6 8 5.2M 4 
-56 6 8 5.1M 4 
-55 6 8 5.3M 4 
-55 6 8 5.3M 5 
-57 6 8 5.2M 3 
-56 6 8 4.9M 5 
-56 6 8 5.0M 4 
-56 6 8 4.8M 4 
-56 6 8 5.1M 5 
-56 6 8 4.9M 4 
-56 6 8 5.0M 4 
-56 6 8 5.0M 4 
-56 6 8 5.2M 4 
-56 6 8 5.2M 4 
-56 6 8 4.8M 4 
-56 6 8 5.3M 3 
-56 6 8 4.9M 5 
-54 6 13 3.8M 4 
-47 0 32 0.0 -47 0 32 0.0 -47 2 32 3.0k 0 


Filename: 6.txt
RSRP (dB) | MCS | SINR (dB) | DL Brate (bps) | BLER (%)
--------------------------------------------------------------------------
-67 4 7 3.4M 4 
-67 3 7 2.7M 1 
-68 4 6 3.5M 2 
-67 4 7 3.3M 4 
-63 2 12 1.1M 9 
-66 1 7 1.6M 2 
-67 2 7 2.1M 0 
-67 1 7 1.8M 0 
-67 2 7 2.1M 0 
-67 4 7 3.4M 1 
-65 4 7 3.7M 4 
-66 4 7 3.8M 4 
-67 3 7 2.6M 3 
-66 2 7 2.0M 0 
-66 1 7 1.7M 0 
-65 1 8 1.6M 2 
-66 1 7 1.6M 0 
-65 2 8 1.7M 5 
-66 0 7 1.4M 0 
-67 2 6 2.1M 0 
-67 3 6 2.6M 4 
-67 4 6 3.7M 1 
-66 4 6 3.4M 5 
-65 1 6 1.6M 0 
-66 2 7 1.5M 4 
-67 0 6 1.3M 0 
-66 1 7 1.5M 0 
-65 3 10 1.6M 8 
-67 0 6 1.5M 0 
-66 1 6 2.0M 0 
-65 2 7 2.5M 1 
-65 3 7 2.9M 1 
-67 4 6 3.9M 0 
-66 5 7 4.3M 3 
-66 5 7 3.9M 6 
-66 4 7 3.8M 3 
-66 4 7 4.0M 2 
-66 4 7 3.8M 5 
-67 3 7 3.0M 4 
-66 4 7 3.3M 2 
-66 4 7 3.6M 2 
-65 4 7 3.2M 3 
-67 3 7 2.9M 2 
-67 4 7 3.7M 2 
-66 4 7 3.8M 1 
-66 3 7 2.7M 5 
-67 3 6 3.1M 3 
-67 2 7 2.2M 0 
-66 3 7 3.2M 0 
-65 4 7 3.0M 5 
-66 2 7 2.1M 0 
-65 3 7 2.4M 5 
-66 0 7 1.2M 0 
-66 2 6 1.2M 3 
-67 1 6 1.4M 5 
-67 0 6 1.4M 0 
-61 11 17 444k 0 
-55 0 24 0.0 -56 0 24 0.0 -56 0 24 0.0 -55 0 23 0.0 -55 0 23 0.0 -55 0 24 0.0 -55 0 23 0.0 -55 0 24 0.0 -55 0 24 0.0 -55 0 23 0.0 -55 0 24 0.0 -55 0 24 0.0 -56 0 23 0.0 -56 0 22 0.0 -55 0 23 0.0 -56 0 23 0.0 -56 0 24 0.0 -55 0 23 0.0 -56 0 23 0.0 -55 0 24 0.0 -55 0 22 0.0 -55 0 23 0.0 -54 0 24 0.0 -56 0 25 0.0 -57 0 20 0.0 -53 0 27 0.0 -53 0 27 0.0 

Filename: -6.txt
RSRP (dB) | MCS | SINR (dB) | DL Brate (bps) | BLER (%)
--------------------------------------------------------------------------
-47 8 18 3.4M 10 
-46 7 11 6.1M 1 
-46 9 11 7.7M 2 
-46 11 11 8.5M 3 
-45 11 12 8.6M 3 
-45 11 12 8.5M 4 
-45 11 12 8.6M 3 
-45 11 12 9.1M 3 
-46 12 11 9.3M 4 
-46 11 11 9.1M 4 
-46 12 12 9.5M 4 
-46 11 12 8.7M 4 
-46 11 12 8.9M 3 
-46 11 12 8.9M 2 
-46 12 12 9.5M 3 
-46 12 11 9.3M 4 
-46 12 12 9.6M 4 
-46 11 12 9.1M 4 
-46 12 11 10.0M 3 
-46 12 12 10M 5 
-46 11 11 8.9M 4 
-46 11 11 9.1M 4 
-46 11 11 8.9M 4 
-46 11 11 8.6M 4 
-46 12 11 9.5M 5 
-47 10 10 7.8M 4 
-46 11 11 9.0M 4 
-46 12 11 9.5M 4 
-46 12 12 9.5M 4 
-46 11 11 9.1M 3 
-46 11 12 9.2M 4 
-46 11 11 8.9M 4 
-46 11 11 8.5M 4 
-46 11 12 9.1M 4 
-46 12 12 9.2M 4 
-46 11 11 9.2M 4 
-46 11 12 8.6M 4 
-46 12 12 9.2M 4 
-46 11 12 8.5M 5 
-46 11 12 8.6M 3 
-46 12 12 9.3M 4 
-46 12 12 9.4M 4 
-46 11 11 9.3M 4 
-46 12 11 9.5M 4 
-46 11 12 9.1M 4 
-46 11 12 9.1M 4 
-46 11 12 9.1M 4 
-46 12 12 9.7M 4 
-46 11 12 9.0M 4 
-46 11 12 8.7M 6 
-46 11 11 8.5M 3 
-46 11 12 8.5M 3 
-46 11 12 9.0M 3 
-46 12 12 9.3M 4 
-46 12 12 9.4M 4 
-46 11 12 9.0M 4 
-46 11 12 9.1M 4 
-46 11 12 8.8M 4 
-46 11 12 8.9M 4 
-46 11 11 8.8M 4 
-43 11 23 3.9M 4 
-41 0 35 0.0 -41 0 34 0.0 -40 0 34 0.0 

Filename: 8.txt
RSRP (dB) | MCS | SINR (dB) | DL Brate (bps) | BLER (%)
--------------------------------------------------------------------------
-60 1 8 1.7M 1 
-60 2 7 2.3M 0 
-57 5 8 4.3M 0 
-59 6 7 4.9M 3 
-60 6 7 4.9M 4 
-60 6 7 4.7M 5 
-58 6 7 4.8M 4 
-56 6 8 4.9M 4 
-58 6 8 5.0M 3 
-58 6 8 4.7M 4 
-57 6 8 4.9M 4 
-58 6 8 4.9M 4 
-59 6 7 4.9M 3 
-58 6 8 4.5M 4 
-59 6 8 5.0M 4 
-58 6 8 4.6M 4 
-59 6 7 5.0M 3 
-59 6 7 4.9M 5 
-59 6 7 4.8M 5 
-59 6 7 4.8M 4 
-60 6 7 4.7M 4 
-59 6 7 4.8M 5 
-59 6 7 4.8M 5 
-59 5 7 4.3M 4 
-59 5 7 4.5M 4 
-58 6 8 4.6M 7 
-60 5 7 4.4M 0 
-60 6 7 4.7M 4 
-59 6 7 5.0M 4 
-58 6 8 4.8M 5 
-58 6 8 4.7M 5 
-58 6 8 4.6M 4 
-58 6 8 4.9M 4 
-59 6 7 4.7M 5 
-59 6 7 4.7M 4 
-58 6 8 4.8M 4 
-59 6 7 4.9M 4 
-60 6 7 4.5M 5 
-60 6 7 4.7M 4 
-59 6 7 4.8M 5 
-60 6 7 4.8M 4 
-60 6 7 4.7M 4 
-59 6 7 4.8M 4 
-58 6 8 5.0M 4 
-58 6 8 4.8M 4 
-58 5 7 4.4M 4 
-58 6 7 4.6M 4 
-58 6 8 5.1M 4 
-58 6 8 5.0M 4 
-58 6 8 4.8M 4 
-59 6 7 4.7M 5 
-60 6 7 4.9M 4 
-59 6 7 4.7M 4 
-58 6 7 4.9M 5 
-58 6 7 4.8M 4 
-58 6 8 4.8M 4 
-57 6 8 4.9M 4 
-57 6 8 4.9M 4 
-58 6 7 4.7M 4 
-58 6 8 4.7M 3 
-51 6 23 1.5M 2 
-48 0 30 0.0 -48 0 30 0.0 

Filename: -8.txt
RSRP (dB) | MCS | SINR (dB) | DL Brate (bps) | BLER (%)
--------------------------------------------------------------------------
-48 8 10 6.6M 2 
-48 9 10 7.1M 6 
-47 10 11 7.9M 5 
-48 9 11 7.5M 2 
-49 10 9 7.5M 4 
-48 10 10 8.0M 3 
-48 10 10 7.8M 5 
-48 10 11 7.8M 5 
-48 9 10 7.4M 3 
-48 10 10 7.3M 5 
-48 10 11 7.5M 5 
-48 10 11 7.6M 4 
-47 10 11 7.3M 5 
-47 10 11 7.6M 5 
-47 10 11 7.5M 4 
-46 11 12 8.5M 5 
-45 11 12 9.2M 4 
-45 11 12 8.9M 5 
-45 11 12 9.0M 4 
-46 10 11 8.0M 4 
-47 10 10 7.4M 4 
-45 11 12 8.6M 5 
-45 11 12 8.7M 4 
-45 10 12 8.2M 4 
-45 10 12 8.2M 4 
-45 11 12 8.6M 4 
-45 10 12 8.3M 4 
-45 11 12 9.0M 4 
-45 11 12 8.6M 5 
-46 11 11 8.5M 4 
-48 10 10 7.2M 5 
-47 9 10 7.2M 4 
-46 11 12 8.7M 4 
-46 11 12 8.6M 4 
-46 10 11 7.8M 5 
-45 11 12 8.8M 3 
-45 11 12 8.7M 4 
-45 11 12 8.7M 5 
-45 11 12 8.5M 5 
-45 11 12 8.6M 3 
-45 11 12 8.7M 4 
-45 11 12 8.4M 4 
-46 10 11 7.7M 4 
-46 10 11 8.0M 5 
-45 11 12 9.1M 3 
-45 11 12 9.1M 4 
-45 11 12 9.3M 3 
-47 10 11 7.7M 4 
-47 10 11 7.4M 4 
-47 10 11 7.5M 5 
-47 10 11 7.5M 5 
-47 10 11 7.6M 3 
-47 10 11 7.6M 4 
-47 10 11 7.6M 4 
-47 10 11 7.6M 4 
-47 10 11 7.6M 4 
-47 10 11 7.6M 4 
-44 10 22 3.6M 3 
-41 0 34 0.0 -41 0 34 0.0 

Filename: 10.txt
RSRP (dB) | MCS | SINR (dB) | DL Brate (bps) | BLER (%)
--------------------------------------------------------------------------
-65 3 7 3.2M 0 
-65 4 7 4.0M 1 
-65 6 7 4.9M 4 
-65 5 7 4.6M 4 
-65 5 7 4.4M 4 
-65 5 7 4.0M 6 
-65 5 7 4.3M 1 
-65 6 7 5.2M 5 
-65 6 7 4.9M 4 
-64 5 7 4.7M 3 
-64 6 7 5.1M 4 
-64 6 7 5.0M 2 
-64 5 7 4.7M 2 
-65 6 7 4.7M 3 
-64 5 7 4.1M 1 
-64 6 7 4.8M 3 
-64 6 7 4.7M 4 
-64 5 7 4.6M 4 
-64 6 7 5.2M 3 
-64 6 7 4.9M 4 
-64 6 7 5.0M 4 
-65 6 7 5.2M 4 
-65 6 7 5.1M 3 
-65 6 7 5.4M 2 
-65 6 7 4.6M 5 
-65 6 7 5.3M 3 
-65 5 7 4.4M 3 
-64 5 7 4.4M 3 
-64 6 7 4.9M 3 
-64 6 7 5.1M 4 
-64 5 7 4.6M 4 
-64 6 7 4.8M 4 
-64 6 7 5.3M 3 
-64 6 7 5.2M 4 
-64 6 7 5.1M 4 
-64 6 7 5.2M 4 
-64 6 7 4.9M 5 
-64 6 7 4.4M 9 
-64 5 7 4.1M 0 
-64 5 7 4.6M 2 
-64 6 7 4.7M 4 
-64 5 7 4.6M 4 
-64 6 7 5.4M 3 
-64 5 7 4.2M 4 
-64 5 7 4.4M 3 
-64 6 7 5.2M 4 
-64 7 7 4.4M 6 
-64 4 7 4.0M 0 
-64 5 7 4.5M 4 
-65 6 7 5.2M 4 
-65 5 7 4.5M 4 
-65 6 7 4.9M 4 
-65 6 7 5.1M 4 
-65 6 7 5.2M 3 
-65 6 7 5.1M 4 
-65 5 7 4.7M 4 
-64 5 7 4.4M 5 
-64 4 7 3.1M 6 
-64 4 7 3.5M 0 
-62 5 11 3.1M 1 
-53 0 27 0.0 -53 0 26 0.0 -53 0 26 0.0 -53 0 26 0.0 -53 0 26 0.0 -51 0 27 0.0 -51 0 27 0.0 -52 0 27 0.0 -52 0 27 0.0 

Filename: -10.txt
RSRP (dB) | MCS | SINR (dB) | DL Brate (bps) | BLER (%)
--------------------------------------------------------------------------
-55 6 8 5.4M 1 
-55 7 8 5.5M 5 
-54 7 8 5.8M 4 
-51 10 10 7.1M 8 
-53 7 9 5.5M 2 
-54 7 8 5.9M 3 
-54 8 8 6.3M 4 
-54 8 8 6.2M 5 
-54 7 8 5.8M 5 
-54 8 8 6.2M 4 
-54 8 8 6.2M 4 
-54 9 8 6.7M 4 
-54 8 8 6.4M 5 
-55 7 8 5.4M 5 
-55 8 8 6.0M 5 
-54 8 8 6.6M 4 
-54 10 8 6.4M 9 
-55 6 8 5.2M 0 
-55 6 8 5.3M 3 
-55 8 8 6.0M 4 
-56 7 8 5.3M 4 
-54 8 8 6.0M 4 
-55 7 8 5.4M 5 
-53 8 9 5.9M 5 
-50 10 10 7.3M 4 
-51 9 9 7.1M 4 
-52 9 9 6.7M 4 
-52 9 9 6.6M 4 
-52 9 9 6.8M 4 
-52 9 9 6.8M 4 
-52 10 9 7.3M 4 
-52 9 9 7.1M 4 
-49 10 11 7.4M 6 
-49 10 11 7.3M 6 
-49 10 11 7.6M 4 
-49 10 11 6.9M 7 
-49 9 11 7.2M 4 
-49 9 11 7.1M 4 
-49 10 11 7.4M 4 
-50 9 10 6.7M 3 
-51 7 9 5.9M 1 
-48 11 11 8.2M 6 
-50 7 9 5.7M 4 
-35 16 16 14M 7 
-30 22 22 22M 5 
-30 22 22 23M 4 
-32 22 22 23M 4 
-44 15 16 14M 5 
-49 10 11 7.3M 5 
-54 4 8 3.5M 0 
-57 4 7 4.1M 0 
-56 5 7 4.4M 4 
-56 6 7 4.8M 4 
-58 6 7 4.9M 4 
-57 6 7 4.9M 4 
-56 6 8 4.9M 5 
-55 6 8 5.0M 4 
-54 6 8 5.0M 4 
-55 6 8 4.7M 3 
-48 6 25 953k 6 
-47 0 31 0.0 -46 0 31 0.0 -46 0 32 0.0 -46 0 32 0.0 -45 0 32 0.0 

Filename: 12.txt
RSRP (dB) | MCS | SINR (dB) | DL Brate (bps) | BLER (%)
--------------------------------------------------------------------------
-43 7 13 6.7M 0 
-43 10 13 8.7M 0 
-41 14 14 12M 3 
-43 11 13 9.6M 2 
-43 12 13 10M 2 
-43 13 13 11M 4 
-43 13 13 11M 4 
-43 12 13 10M 4 
-44 12 13 10M 4 
-44 12 13 10M 4 
-44 12 13 10M 4 
-45 11 11 8.9M 3 
-45 12 12 9.0M 6 
-44 11 12 9.5M 2 
-44 12 13 9.9M 4 
-43 12 13 10M 4 
-43 12 13 10M 4 
-43 13 13 11M 4 
-43 13 13 11M 4 
-44 12 13 10M 5 
-43 12 13 10M 4 
-44 12 13 10M 4 
-43 12 13 10M 4 
-44 12 13 10M 4 
-43 13 13 11M 4 
-43 12 13 11M 4 
-43 12 13 10M 4 
-43 12 13 10M 4 
-43 12 13 10M 4 
-42 12 13 10M 4 
-43 12 13 11M 4 
-43 12 13 10M 4 
-43 12 13 10M 5 
-43 12 13 10M 4 
-43 12 13 10M 4 
-43 12 13 10M 4 
-43 12 13 10M 4 
-43 12 13 9.9M 4 
-43 12 13 10.0M 4 
-43 12 13 11M 4 
-43 12 13 10M 4 
-43 12 13 10M 4 
-43 12 13 11M 4 
-43 12 13 10M 4 
-43 12 13 10M 4 
-43 12 13 11M 4 
-43 12 13 11M 4 
-43 13 13 11M 4 
-43 12 13 9.8M 4 
-43 12 13 10M 4 
-43 12 13 10M 4 
-43 12 13 10M 5 
-43 12 13 10M 4 
-43 12 13 10M 4 
-43 12 13 10M 5 
-43 12 13 10M 4 
-43 12 13 10M 4 
-43 13 13 11M 4 
-43 12 13 10M 4 
-41 12 21 6.2M 4 
-39 0 35 0.0 -38 0 34 0.0 -38 0 34 1.4k 0 


Filename: -12.txt
RSRP (dB) | MCS | SINR (dB) | DL Brate (bps) | BLER (%)
--------------------------------------------------------------------------
-49 5 10 4.3M 0 
-49 8 10 6.4M 3 
-49 8 10 6.5M 3 
-49 9 10 6.8M 4 
-49 9 10 6.9M 4 
-49 9 10 7.1M 5 
-50 9 10 6.6M 4 
-50 8 10 6.6M 3 
-50 8 10 6.4M 3 
-49 9 10 6.6M 4 
-49 9 10 6.8M 4 
-49 9 10 6.8M 3 
-51 8 9 6.5M 3 
-50 10 10 7.7M 4 
-50 9 10 6.9M 5 
-50 9 10 6.8M 4 
-50 10 10 7.4M 5 
-50 9 10 6.9M 4 
-50 10 10 7.5M 4 
-50 8 10 6.4M 4 
-49 9 10 7.1M 4 
-50 10 10 7.3M 4 
-50 9 10 7.0M 5 
-50 9 10 6.8M 3 
-50 10 10 7.3M 4 
-49 10 10 7.7M 4 
-50 9 10 7.2M 4 
-50 9 10 6.9M 4 
-50 10 10 7.5M 4 
-50 9 10 6.8M 4 
-50 10 10 7.3M 4 
-50 10 10 7.4M 4 
-50 9 10 6.9M 4 
-50 10 10 7.4M 4 
-50 9 10 6.8M 4 
-50 9 10 7.3M 4 
-50 10 10 7.5M 4 
-50 10 10 7.4M 4 
-50 9 10 6.8M 4 
-50 9 10 7.0M 3 
-50 10 10 7.5M 5 
-49 9 10 6.9M 4 
-49 9 10 7.3M 5 
-50 9 10 7.3M 4 
-49 10 10 7.6M 4 
-49 9 10 6.9M 4 
-50 8 10 6.5M 5 
-50 9 10 6.9M 4 
-50 9 10 7.1M 4 
-50 9 10 7.1M 4 
-50 9 10 7.2M 4 
-50 9 10 7.0M 3 
-50 10 10 7.4M 4 
-50 9 10 6.9M 4 
-50 9 10 6.9M 4 
-50 10 10 7.4M 4 
-50 9 10 6.9M 5 
-50 9 10 6.8M 5 
-50 9 10 7.0M 4 
-45 10 27 1.9M 4 
-43 0 33 0.0 -44 0 33 0.0 -44 0 34 0.0 -44 0 33 0.0 -44 0 33 0.0 -44 0 34 0.0 -43 0 34 0.0 -43 0 33 0.0 -43 0 34 0.0 -43 0 33 0.0 -44 0 33 0.0 

