RSRP (dB) | MCS | SINR (dB) | DL Brate (bps) | BLER (%)
--------------------------------------------------------------------------
-60 0 7 1.5M 0 
-61 0 7 1.5M 0 
-59 0 7 1.5M 0 
-60 0 7 1.5M 0 
-60 0 7 1.6M 0 
-61 0 7 1.5M 0 
-61 0 7 1.6M 0 
-62 0 7 1.5M 0 
-61 0 7 1.4M 0 
-61 1 7 1.8M 0 
-61 1 7 1.7M 0 
-61 2 7 1.5M 4 
-61 0 7 1.4M 0 
-60 0 7 1.5M 0 
-61 0 7 1.4M 0 
-61 0 7 1.5M 0 
-61 0 7 1.6M 0 
-61 0 7 1.5M 0 
-61 0 7 1.4M 0 
-60 0 7 1.5M 0 
-61 0 7 1.6M 0 
-61 0 7 1.5M 0 
-61 0 7 1.6M 0 
-61 1 7 1.5M 5 
-61 0 7 1.4M 0 
-60 0 7 1.6M 0 
-61 0 7 1.6M 0 
-61 0 7 1.6M 0 
-61 0 7 1.6M 0 
-61 0 7 1.6M 0 
-60 0 7 1.6M 0 
-61 0 7 1.6M 0 
-61 0 7 1.6M 0 
-61 0 7 1.6M 0 
-61 0 7 1.5M 0 
-61 0 7 1.5M 0 
-60 0 7 1.6M 0 
-61 0 7 1.6M 0 
-61 0 7 1.6M 0 
-61 1 7 1.6M 4 
-61 1 7 1.4M 0 
-61 1 7 1.4M 0 
-61 0 7 1.5M 0 
-62 0 7 1.5M 0 
-61 0 7 1.6M 0 
-61 1 7 1.7M 0 
-61 0 7 1.6M 0 
-61 0 7 1.5M 0 
-61 0 7 1.6M 0 
-61 0 7 1.4M 0 
-61 0 7 1.5M 0 
-61 0 7 1.6M 0 
-60 1 7 1.7M 0 
-60 0 7 1.6M 0 
-61 0 7 1.6M 0 
-60 1 7 1.7M 0 
-61 0 7 1.5M 0 
-60 0 7 1.5M 0 
-60 0 7 1.6M 0 
-60 0 7 1.6M 0 
-60 0 7 1.5M 0 
-61 0 7 1.5M 0 
-61 0 7 1.5M 0 
-56 0 17 767k 0 
-49 0 30 0.0 