RSRP (dB) | MCS | SINR (dB) | DL Brate (bps) | BLER (%)
--------------------------------------------------------------------------
-59 2 14 2.0M 3 
-62 1 7 2.0M 0 
-61 3 7 3.3M 0 
-62 5 7 4.3M 2 
-61 6 7 4.8M 4 
-61 6 7 4.7M 4 
-61 5 7 4.4M 5 
-61 6 7 4.7M 5 
-61 5 7 4.5M 3 
-61 6 7 4.8M 5 
-62 5 7 4.5M 4 
-62 6 7 4.7M 4 
-62 6 7 4.6M 4 
-61 6 7 4.6M 4 
-61 6 7 4.9M 3 
-61 5 7 4.5M 3 
-61 6 7 4.9M 4 
-61 5 7 4.6M 4 
-61 6 7 4.8M 4 
-61 5 7 4.3M 5 
-62 6 7 4.9M 4 
-62 6 7 4.8M 4 
-61 6 7 4.7M 4 
-61 6 7 4.8M 5 
-61 6 7 5.2M 4 
-61 6 7 4.7M 5 
-62 6 7 4.8M 4 
-61 5 7 4.4M 5 
-61 6 7 4.6M 4 
-61 5 7 4.3M 4 
-61 6 7 4.8M 4 
-61 6 7 4.7M 4 
-61 6 7 4.7M 4 
-61 6 7 4.9M 4 
-61 6 7 4.7M 5 
-61 6 7 4.9M 5 
-61 6 7 4.7M 5 
-61 5 7 4.0M 3 
-61 6 7 4.7M 4 
-61 6 7 4.7M 5 
-61 6 7 5.0M 3 
-61 6 7 4.9M 5 
-61 6 7 4.6M 4 
-62 6 7 4.6M 5 
-61 6 7 4.7M 4 
-61 6 7 5.0M 4 
-61 6 7 5.0M 4 
-61 5 7 4.5M 4 
-61 6 7 5.1M 3 
-61 6 7 4.6M 5 
-61 6 7 4.8M 4 
-62 6 7 4.8M 5 
-61 5 7 4.4M 3 
-61 5 7 4.4M 5 
-61 5 7 4.6M 3 
-61 6 7 4.8M 4 
-61 5 7 4.5M 5 
-61 6 7 4.5M 4 
-60 6 7 4.6M 4 
-61 5 7 4.5M 3 
-54 6 22 1.7M 4 
-50 0 30 0.0 -50 0 30 0.0 