RSRP (dB) | MCS | SINR (dB) | DL Brate (bps) | BLER (%)
--------------------------------------------------------------------------
-66 1 7 1.9M 0 
-66 3 7 3.1M 0 
-65 5 7 4.5M 1 
-65 6 7 5.2M 4 
-65 6 7 5.0M 3 
-65 5 7 4.6M 5 
-64 6 7 5.4M 3 
-65 6 7 4.8M 5 
-65 6 7 5.3M 1 
-65 7 7 5.3M 6 
-65 6 7 5.2M 5 
-64 6 7 4.7M 3 
-64 6 7 4.9M 3 
-64 6 7 4.6M 5 
-64 6 7 5.0M 4 
-64 6 7 5.1M 2 
-64 6 7 4.8M 5 
-64 6 7 5.1M 2 
-64 6 7 5.2M 5 
-64 6 7 4.9M 5 
-64 6 7 4.8M 4 
-64 6 7 4.9M 2 
-66 6 7 5.3M 4 
-66 6 7 5.0M 5 
-66 6 7 5.3M 2 
-65 7 7 5.3M 5 
-65 6 7 4.8M 3 
-65 6 7 5.2M 4 
-65 6 7 5.1M 4 
-66 6 7 5.1M 3 
-66 6 7 5.2M 4 
-65 6 7 5.2M 2 
-66 6 7 5.4M 3 
-64 6 7 5.1M 7 
-66 6 7 5.4M 2 
-66 6 7 4.5M 7 
-66 6 7 4.7M 4 
-65 5 7 4.6M 4 
-66 6 7 5.2M 3 
-66 5 7 3.7M 7 
-65 5 7 4.5M 1 
-65 6 7 4.8M 4 
-65 6 7 5.5M 1 
-66 6 7 5.4M 3 
-66 7 7 5.2M 8 
-66 6 7 5.4M 2 
-65 6 7 5.2M 5 
-65 6 7 5.1M 7 
-66 6 7 5.2M 2 
-66 7 7 5.3M 6 
-65 6 7 4.9M 4 
-65 6 7 5.1M 2 
-65 6 7 5.2M 4 
-66 6 7 5.3M 3 
-66 6 7 5.2M 6 
-66 6 7 4.9M 5 
-66 6 7 4.8M 3 
-66 6 7 5.1M 4 
-67 6 7 5.1M 5 
-66 6 10 4.2M 3 
-53 0 28 0.0 -54 0 27 0.0 -54 0 28 0.0 -56 0 26 0.0 -53 0 28 0.0 -55 0 27 0.0 -54 0 27 0.0 -55 0 27 0.0 -54 0 28 0.0 -53 0 28 0.0 -54 0 27 0.0 -53 0 28 0.0 