RSRP (dB) | MCS | SINR (dB) | DL Brate (bps) | BLER (%)
--------------------------------------------------------------------------
-62 3 7 3.0M 0 
-63 5 7 4.3M 1 
-63 6 7 4.9M 4 
-63 6 7 5.1M 5 
-64 6 7 5.0M 4 
-64 6 7 5.1M 3 
-64 7 7 5.4M 5 
-64 6 7 5.0M 6 
-64 6 7 5.1M 4 
-64 6 7 5.1M 5 
-64 6 7 4.8M 4 
-63 6 7 4.9M 5 
-63 5 7 4.5M 3 
-63 6 7 5.0M 4 
-63 6 7 4.9M 5 
-63 5 7 4.5M 3 
-63 6 7 4.8M 4 
-63 6 7 4.8M 4 
-63 6 7 5.0M 3 
-63 6 7 4.7M 6 
-63 6 7 5.0M 4 
-63 5 7 4.7M 2 
-63 6 7 5.4M 0 
-63 7 7 5.3M 6 
-64 6 7 4.8M 6 
-64 6 7 5.2M 3 
-63 6 7 4.4M 6 
-63 6 7 5.1M 3 
-63 6 7 4.9M 5 
-63 6 7 5.0M 5 
-63 6 7 4.7M 5 
-64 6 7 4.7M 4 
-64 6 7 4.8M 4 
-63 6 7 4.7M 4 
-63 6 7 5.2M 4 
-63 6 7 5.1M 4 
-63 6 7 5.0M 5 
-63 6 7 5.0M 2 
-63 5 7 4.7M 2 
-63 7 7 5.3M 6 
-63 6 7 4.7M 4 
-63 6 7 5.0M 4 
-63 6 7 4.8M 5 
-63 6 7 4.8M 3 
-62 6 7 4.6M 5 
-63 6 7 4.7M 4 
-63 6 7 5.3M 4 
-63 6 7 5.1M 5 
-63 6 7 4.8M 4 
-63 5 7 4.3M 3 
-63 6 7 4.8M 4 
-63 6 7 5.5M 2 
-63 6 7 5.0M 7 
-62 7 7 4.5M 9 
-63 5 7 4.3M 0 
-63 6 7 5.0M 3 
-63 6 7 4.9M 5 
-63 6 7 4.7M 4 
-63 6 7 5.2M 2 
-63 6 7 5.1M 6 
-53 5 28 161k 0 
-52 0 30 0.0 -51 0 30 0.0 