RSRP (dB) | MCS | SINR (dB) | DL Brate (bps) | BLER (%)
--------------------------------------------------------------------------
-59 4 7 4.1M 0 
-59 6 7 4.6M 4 
-59 6 7 4.7M 4 
-59 6 7 4.7M 4 
-58 6 7 4.6M 6 
-58 8 9 3.7M 16 
-59 2 7 2.3M 0 
-59 4 7 4.1M 0 
-59 6 7 4.8M 3 
-58 6 7 4.8M 4 
-59 5 7 4.4M 4 
-58 6 7 4.6M 5 
-58 6 7 4.7M 5 
-58 5 7 4.3M 4 
-58 6 7 5.3M 4 
-58 6 7 4.9M 5 
-58 6 7 4.8M 5 
-58 6 7 4.6M 4 
-59 6 7 4.7M 5 
-59 6 7 4.7M 4 
-59 6 7 4.7M 4 
-58 6 7 4.6M 5 
-59 6 7 4.8M 3 
-59 5 7 4.3M 5 
-58 6 7 4.5M 4 
-60 6 7 4.8M 5 
-58 6 7 5.0M 4 
-58 6 7 4.8M 4 
-58 5 7 4.2M 5 
-59 6 7 5.0M 4 
-59 6 7 4.6M 5 
-60 5 7 4.5M 4 
-59 6 7 4.9M 4 
-60 5 7 4.3M 4 
-59 6 7 4.6M 4 
-59 5 7 4.4M 4 
-58 6 7 4.7M 5 
-58 6 7 4.7M 4 
-59 5 7 4.5M 4 
-58 6 7 4.6M 3 
-59 6 7 4.7M 5 
-58 6 7 4.7M 4 
-58 6 7 4.6M 5 
-59 6 7 4.8M 4 
-59 6 7 5.1M 5 
-59 5 7 4.5M 4 
-59 6 7 4.7M 4 
-59 6 7 4.9M 4 
-59 6 7 4.9M 5 
-59 6 7 4.6M 4 
-58 6 7 4.7M 5 
-59 5 7 4.5M 4 
-59 5 7 4.4M 4 
-59 6 7 4.6M 4 
-59 6 7 4.9M 5 
-59 5 7 4.3M 4 
-59 5 7 4.4M 4 
-59 6 7 4.9M 4 
-58 5 7 4.5M 4 
-59 6 8 4.4M 4 
-49 12 30 2.0k 50 
-49 0 30 0.0 