RSRP (dB) | MCS | SINR (dB) | DL Brate (bps) | BLER (%)
--------------------------------------------------------------------------
-53 3 15 2.1M 5 
-55 1 8 1.6M 0 
-55 3 8 3.1M 0 
-55 6 8 5.1M 1 
-55 6 8 4.8M 4 
-55 6 8 4.8M 5 
-55 6 8 4.8M 4 
-56 6 8 4.9M 5 
-56 6 8 4.7M 4 
-56 6 8 4.9M 2 
-56 6 8 4.7M 6 
-57 6 8 4.8M 5 
-56 6 8 4.8M 4 
-56 6 8 4.7M 4 
-55 6 8 4.8M 5 
-56 6 8 4.7M 4 
-55 6 8 5.0M 5 
-55 6 8 4.9M 4 
-56 6 8 4.8M 4 
-55 6 8 4.7M 5 
-55 6 8 4.6M 4 
-56 6 8 4.9M 3 
-57 6 8 5.0M 6 
-55 6 8 4.5M 5 
-56 6 8 4.7M 4 
-56 6 8 4.8M 4 
-56 6 8 4.8M 4 
-55 6 8 4.9M 5 
-55 6 8 4.6M 4 
-56 6 8 5.0M 4 
-55 6 8 4.7M 5 
-56 6 8 5.1M 5 
-55 6 8 4.6M 4 
-56 6 8 5.2M 4 
-56 6 8 4.8M 5 
-56 6 8 4.6M 4 
-54 6 8 5.0M 4 
-55 6 8 5.0M 4 
-56 6 8 4.7M 4 
-55 6 8 4.7M 5 
-56 6 8 4.6M 4 
-55 6 8 4.6M 4 
-55 6 8 4.7M 4 
-56 6 8 4.6M 4 
-56 6 8 4.9M 4 
-56 6 8 4.9M 5 
-56 6 8 4.9M 3 
-55 6 8 4.8M 6 
-56 6 8 4.6M 3 
-55 6 8 5.0M 4 
-55 6 8 4.8M 5 
-56 6 8 4.7M 5 
-56 5 8 4.4M 4 
-56 6 8 4.6M 4 
-55 6 8 4.5M 4 
-54 6 8 5.0M 5 
-55 6 8 4.6M 4 
-56 6 8 5.1M 4 
-57 6 8 4.7M 4 
-56 6 8 4.6M 4 
-52 6 19 2.5M 4 
-46 0 32 0.0 -46 0 32 0.0 -46 2 32 6.5k 0 
