RSRP (dB) | MCS | SINR (dB) | DL Brate (bps) | BLER (%)
--------------------------------------------------------------------------
-55 1 7 1.9M 0 
-55 3 7 3.3M 0 
-55 5 7 4.6M 0 
-56 6 7 5.5M 2 
-52 11 16 4.2M 16 
-52 6 14 2.8M 14 
-55 2 7 2.5M 0 
-56 4 7 3.7M 0 
-55 6 7 4.7M 3 
-55 6 7 5.3M 4 
-56 6 7 5.0M 3 
-55 6 7 5.2M 4 
-56 6 7 5.2M 3 
-56 6 7 5.2M 5 
-56 6 7 5.2M 4 
-56 6 7 5.3M 3 
-56 7 7 5.2M 5 
-56 5 8 4.4M 0 
-55 6 7 4.7M 2 
-56 6 7 4.6M 3 
-56 6 7 4.8M 2 
-56 6 7 5.0M 2 
-56 6 7 5.1M 5 
-55 6 7 5.1M 3 
-55 6 7 4.7M 4 
-56 6 7 5.5M 2 
-56 6 7 4.8M 5 
-56 7 7 5.4M 4 
-56 6 7 5.4M 2 
-55 6 7 5.0M 5 
-55 5 7 4.4M 1 
-55 6 7 4.7M 4 
-56 6 7 5.3M 0 
-56 7 7 5.4M 4 
-56 6 7 5.5M 1 
-55 7 7 5.4M 4 
-55 6 7 5.3M 3 
-55 6 7 5.3M 4 
-55 7 7 5.4M 3 
-55 6 7 5.5M 1 
-55 7 7 5.4M 5 
-55 7 7 5.3M 7 
-55 6 7 5.5M 0 
-55 7 7 5.4M 3 
-55 7 7 5.2M 7 
-56 6 7 5.1M 1 
-55 6 7 5.1M 0 
-55 6 7 5.5M 1 
-55 6 7 5.5M 3 
-55 7 7 5.1M 8 
-56 5 7 4.7M 0 
-55 6 7 4.9M 1 
-55 6 7 5.0M 3 
-55 7 7 5.3M 6 
-54 5 8 4.5M 0 
-55 6 7 5.0M 1 
-55 7 7 5.4M 4 
-56 7 7 5.4M 3 
-56 7 7 5.4M 6 
-51 6 16 3.4M 1 
-43 0 33 0.0 -43 0 32 0.0 -43 0 33 0.0 -43 0 33 0.0 