RSRP (dB) | MCS | SINR (dB) | DL Brate (bps) | BLER (%)
--------------------------------------------------------------------------
-63 2 7 2.3M 0 
-63 4 7 3.8M 0 
-63 6 7 4.8M 3 
-63 6 7 5.0M 3 
-63 6 7 4.9M 6 
-63 6 7 4.6M 4 
-63 6 7 4.9M 4 
-63 6 7 4.9M 5 
-63 6 7 5.0M 3 
-63 6 7 5.1M 4 
-63 6 7 4.8M 5 
-63 6 7 4.7M 3 
-63 6 7 4.8M 4 
-63 5 7 4.5M 4 
-63 5 7 4.4M 3 
-63 6 7 4.9M 4 
-63 6 7 5.1M 4 
-63 6 7 5.1M 5 
-63 6 7 5.0M 4 
-63 6 7 4.6M 5 
-63 6 7 4.7M 4 
-63 6 7 5.1M 3 
-63 6 7 4.8M 5 
-63 6 7 4.8M 5 
-63 6 7 5.2M 2 
-63 7 7 5.4M 4 
-63 6 7 4.6M 5 
-63 6 7 4.6M 5 
-63 6 7 5.3M 4 
-63 6 7 5.1M 5 
-63 6 7 4.5M 5 
-63 6 7 4.8M 4 
-62 6 7 4.6M 4 
-62 6 7 5.1M 4 
-62 6 7 4.8M 3 
-63 6 7 4.8M 5 
-63 6 7 4.8M 4 
-63 6 7 4.9M 3 
-63 6 7 4.5M 4 
-63 6 7 5.0M 4 
-63 6 7 5.1M 4 
-63 6 7 4.9M 4 
-63 6 7 4.5M 4 
-63 6 7 4.6M 3 
-63 6 7 5.0M 4 
-63 6 7 4.9M 4 
-63 6 7 4.8M 4 
-63 6 7 5.0M 5 
-63 6 7 5.1M 4 
-63 6 7 4.6M 5 
-63 6 7 4.8M 4 
-63 6 7 5.0M 5 
-64 6 7 4.7M 4 
-63 6 7 4.9M 5 
-64 6 7 4.8M 3 
-63 6 7 5.0M 4 
-63 6 7 5.1M 4 
-63 6 7 4.8M 4 
-63 6 7 4.9M 4 
-63 6 7 5.0M 4 
-53 6 27 453k 2 
-52 0 30 0.0 -52 0 30 0.0 -52 0 30 0.0 -52 0 30 0.0 -52 0 30 0.0 