RSRP (dB) | MCS | SINR (dB) | DL Brate (bps) | BLER (%)
--------------------------------------------------------------------------
-58 3 8 2.6M 4 
-58 4 7 3.9M 0 
-57 6 8 5.0M 3 
-58 6 8 4.8M 4 
-58 6 7 4.7M 4 
-57 6 7 4.9M 5 
-56 5 8 4.5M 4 
-58 6 7 4.6M 4 
-57 6 8 4.9M 5 
-58 6 7 4.8M 4 
-58 6 7 5.3M 3 
-56 6 8 5.1M 5 
-58 6 8 5.0M 3 
-59 6 7 5.2M 3 
-58 6 8 4.9M 3 
-58 6 8 4.9M 4 
-56 6 8 5.0M 3 
-57 6 8 4.8M 4 
-57 5 7 4.4M 4 
-57 6 7 4.6M 4 
-57 6 7 4.9M 4 
-57 6 7 4.9M 5 
-58 6 7 5.1M 4 
-58 6 7 4.9M 3 
-57 6 7 5.2M 5 
-57 6 7 4.8M 4 
-57 6 7 4.7M 4 
-58 6 8 5.0M 1 
-57 6 8 5.1M 6 
-56 6 8 4.9M 4 
-57 6 7 4.8M 5 
-57 6 8 5.2M 4 
-57 6 8 5.0M 4 
-57 6 7 4.9M 4 
-58 6 7 4.7M 4 
-57 6 7 5.1M 4 
-57 6 7 5.0M 4 
-57 6 7 4.9M 5 
-56 6 8 4.8M 4 
-57 6 8 4.7M 4 
-57 6 7 4.6M 4 
-56 6 8 4.5M 5 
-57 6 7 5.0M 4 
-57 5 8 4.6M 2 
-58 6 8 4.6M 3 
-56 6 8 4.9M 4 
-57 6 8 4.7M 4 
-56 6 8 4.7M 4 
-56 5 8 4.5M 4 
-57 6 8 4.8M 4 
-57 6 7 4.8M 4 
-57 6 8 4.9M 3 
-57 6 8 5.0M 6 
-56 5 8 4.4M 4 
-57 6 8 4.7M 4 
-57 5 8 4.3M 4 
-57 6 8 4.5M 5 
-57 5 8 4.5M 4 
-57 5 8 4.3M 4 
-57 5 8 4.2M 5 
-58 5 8 4.4M 2 
-49 5 28 532k 0 
-47 0 31 0.0 -47 0 32 0.0 