RSRP (dB) | MCS | SINR (dB) | DL Brate (bps) | BLER (%)
--------------------------------------------------------------------------
-66 4 13 715k 21 
-70 2 6 1.2M 0 
-68 3 12 1.4M 8 
-71 0 6 1.4M 0 
-69 2 10 1.3M 9 
-68 1 10 1.2M 4 
-71 0 6 1.3M 0 
-71 1 6 1.9M 0 
-70 1 6 1.9M 1 
-68 3 10 1.4M 6 
-68 2 10 1.4M 7 
-68 1 9 1.5M 8 
-69 3 8 1.3M 5 
-68 3 11 1.2M 15 
-72 0 6 1.3M 0 
-72 0 6 1.3M 0 
-71 0 6 1.2M 0 
-71 0 6 1.2M 0 
-70 1 7 1.3M 0 
-69 2 9 1.4M 6 
-70 0 7 1.3M 3 
-70 1 7 1.2M 2 
-69 2 9 1.2M 7 
-69 1 9 1.1M 4 
-70 1 8 1.2M 3 
-70 0 7 1.1M 0 
-71 4 7 1.3M 3 
-71 0 7 1.3M 2 
-71 1 6 1.3M 0 
-69 1 8 1.3M 6 
-69 4 10 1.3M 8 
-71 9 6 1.3M 1 
-71 4 6 1.2M 0 
-70 0 6 1.2M 0 
-69 2 7 1.2M 5 
-71 1 6 1.3M 0 
-72 1 6 1.4M 0 
-71 0 6 1.4M 0 
-73 0 5 1.6M 0 
-73 1 6 1.8M 2 
-72 2 6 2.2M 1 
-71 3 6 3.0M 1 
-71 4 6 3.4M 3 
-71 1 6 1.6M 3 
-72 1 6 1.7M 2 
-72 0 6 1.6M 0 
-72 1 6 1.7M 3 
-71 1 6 1.8M 1 
-72 1 6 1.8M 2 
-71 0 6 1.4M 2 
-71 1 7 1.4M 5 
-72 0 6 1.3M 0 
-72 1 6 1.5M 1 
-71 1 6 1.6M 1 
-72 1 6 1.7M 0 
-72 1 6 1.8M 1 
-71 1 7 1.5M 5 
-72 11 6 1.3M 0 
-69 2 9 1.3M 7 
-70 1 9 1.2M 4 
-70 11 9 900k 0 
-62 0 19 0.0 -62 0 19 0.0 -60 0 21 0.0 -60 0 22 0.0 -61 2 20 3.6k 0 
