RSRP (dB) | MCS | SINR (dB) | DL Brate (bps) | BLER (%)
--------------------------------------------------------------------------
-66 6 7 5.2M 3 
-66 6 7 5.4M 2 
-66 6 7 5.4M 4 
-66 6 7 5.4M 3 
-66 6 7 5.4M 3 
-66 7 7 5.4M 5 
-66 6 7 5.3M 5 
-66 6 7 5.4M 3 
-66 6 7 5.3M 4 
-65 6 7 5.2M 4 
-65 6 7 5.4M 1 
-66 6 7 5.4M 3 
-65 6 7 5.3M 4 
-65 6 7 5.4M 4 
-65 6 7 5.3M 4 
-66 7 7 5.3M 7 
-66 6 7 5.4M 1 
-65 7 7 5.4M 4 
-66 6 7 5.3M 4 
-66 6 7 5.4M 4 
-65 6 7 5.2M 6 
-66 6 7 5.4M 3 
-65 7 7 5.3M 5 
-65 6 7 5.4M 2 
-66 7 7 5.4M 4 
-65 6 7 5.3M 6 
-65 6 7 5.4M 3 
-65 7 7 5.3M 5 
-65 6 7 5.0M 5 
-65 6 7 5.5M 0 
-65 7 7 5.3M 7 
-66 6 7 5.4M 3 
-65 6 7 4.9M 6 
-65 6 7 5.2M 2 
-65 6 7 5.4M 2 
-65 7 7 5.3M 7 
-65 6 7 5.4M 1 
-65 6 7 5.2M 7 
-65 6 7 5.4M 1 
-66 7 7 5.4M 4 
-65 7 7 5.3M 6 
-66 6 7 5.4M 2 
-66 7 7 5.3M 5 
-67 6 7 5.4M 2 
-66 6 7 5.3M 4 
-67 6 7 5.4M 3 
-66 7 7 5.4M 5 
-66 6 7 5.3M 5 
-66 6 7 5.4M 2 
-66 6 7 5.4M 2 
-66 6 7 5.4M 4 
-67 6 7 5.4M 4 
-66 6 7 5.3M 4 
-65 7 7 5.3M 7 
-66 6 7 5.4M 2 
-66 6 7 5.3M 4 
-63 7 11 4.1M 5 
-54 0 28 0.0 -54 0 27 0.0 -55 0 27 0.0 