RSRP (dB) | MCS | SINR (dB) | DL Brate (bps) | BLER (%)
--------------------------------------------------------------------------
-51 18 25 1.5M 40 
-56 2 10 2.0M 5 
-55 2 8 2.8M 0 
-57 4 8 3.6M 0 
-57 5 7 4.4M 2 
-56 6 8 4.8M 4 
-57 6 7 5.1M 5 
-57 6 7 5.1M 4 
-57 6 8 5.0M 4 
-55 6 8 5.2M 5 
-57 5 8 4.5M 4 
-57 6 8 4.7M 4 
-57 6 8 4.9M 5 
-57 6 8 4.9M 4 
-57 6 7 4.7M 3 
-58 6 7 4.8M 4 
-58 6 7 4.7M 6 
-57 6 7 4.7M 4 
-57 6 7 4.6M 4 
-57 6 7 4.8M 4 
-57 6 7 4.8M 5 
-57 6 7 4.9M 4 
-57 6 7 5.1M 4 
-56 6 8 4.8M 5 
-55 6 8 4.9M 5 
-57 6 8 4.9M 4 
-57 6 8 4.9M 3 
-57 6 8 4.9M 5 
-57 6 7 4.7M 5 
-57 6 8 4.8M 5 
-57 6 8 4.7M 3 
-55 6 8 4.9M 5 
-57 6 8 4.6M 5 
-56 6 8 5.0M 4 
-56 6 8 5.1M 4 
-57 6 8 4.7M 5 
-56 6 8 4.9M 4 
-57 6 7 4.9M 4 
-56 6 8 4.6M 4 
-57 6 7 4.8M 4 
-57 6 8 4.9M 5 
-57 6 8 4.8M 3 
-56 6 7 5.0M 4 
-54 7 8 5.4M 5 
-55 6 8 5.1M 4 
-55 6 8 4.9M 4 
-56 6 8 5.0M 4 
-56 6 8 4.9M 4 
-55 6 8 5.0M 5 
-54 6 8 5.0M 4 
-54 6 8 5.1M 5 
-55 6 8 4.9M 4 
-55 6 8 5.1M 5 
-55 6 8 5.0M 5 
-55 6 8 5.0M 4 
-56 6 8 4.8M 5 
-55 6 8 4.9M 5 
-54 7 8 5.4M 4 
-55 6 8 4.9M 4 
-55 6 8 5.0M 5 
-55 6 8 5.0M 4 
-48 6 26 1.0M 4 
-46 0 32 0.0 -46 0 32 0.0 -46 0 31 0.0 -46 0 32 0.0 -46 0 32 0.0 -46 0 32 0.0 -46 0 32 0.0 -46 0 32 0.0 -47 0 32 0.0 -47 0 32 0.0 