RSRP (dB) | MCS | SINR (dB) | DL Brate (bps) | BLER (%)
--------------------------------------------------------------------------
-58 2 7 2.6M 0 
-57 5 7 4.4M 0 
-58 6 7 4.9M 5 
-57 6 7 5.0M 5 
-56 6 8 4.9M 4 
-57 6 7 5.1M 4 
-58 6 7 4.9M 5 
-58 6 7 4.6M 4 
-57 6 8 4.8M 4 
-57 6 7 4.6M 5 
-58 6 7 4.8M 5 
-59 6 7 5.1M 4 
-58 6 7 4.8M 4 
-58 6 7 4.9M 5 
-59 6 7 4.9M 4 
-58 6 8 4.9M 3 
-58 6 7 5.0M 4 
-57 6 7 4.9M 4 
-57 6 7 4.9M 5 
-58 6 7 4.9M 4 
-58 6 7 4.9M 5 
-58 5 7 4.5M 4 
-58 6 7 4.9M 4 
-59 6 7 4.8M 5 
-58 6 7 4.7M 4 
-59 6 7 4.7M 4 
-59 6 7 4.9M 4 
-58 6 7 5.1M 4 
-58 6 7 5.1M 4 
-58 6 7 4.8M 4 
-58 6 7 5.1M 5 
-59 6 7 4.8M 4 
-58 5 7 4.4M 4 
-58 6 7 4.8M 4 
-58 6 7 4.5M 5 
-58 6 7 4.9M 4 
-60 6 7 4.8M 4 
-60 6 7 4.7M 4 
-59 6 7 4.7M 5 
-58 6 7 4.8M 4 
-58 6 7 4.9M 4 
-58 6 7 4.6M 4 
-60 6 7 4.7M 5 
-58 6 7 5.0M 4 
-58 6 7 4.8M 4 
-59 6 7 4.8M 4 
-58 6 7 4.8M 5 
-59 6 7 4.8M 4 
-58 6 7 4.7M 4 
-57 6 7 4.9M 4 
-58 6 7 4.8M 5 
-59 6 7 4.6M 4 
-58 6 7 4.8M 4 
-58 6 7 4.8M 4 
-58 6 7 4.8M 5 
-58 6 7 4.8M 4 
-58 6 7 4.7M 4 
-58 6 7 4.9M 4 
-58 6 7 4.9M 5 
-58 6 8 4.7M 4 
-53 6 20 2.2M 4 
-48 0 32 0.0 -48 0 32 0.0 -48 0 32 0.0 -48 2 32 5.4k 0 
