RSRP (dB) | MCS | SINR (dB) | DL Brate (bps) | BLER (%)
--------------------------------------------------------------------------
-57 3 8 2.4M 3 
-55 4 8 3.7M 0 
-57 5 8 4.6M 0 
-57 6 7 4.7M 6 
-57 5 8 4.4M 0 
-57 6 7 4.5M 5 
-59 6 7 4.6M 3 
-59 6 7 4.7M 4 
-61 6 7 4.7M 3 
-57 6 7 4.9M 4 
-52 7 8 5.6M 4 
-53 7 8 5.6M 4 
-51 8 8 6.2M 3 
-51 9 9 6.9M 3 
-51 9 9 6.8M 3 
-49 9 9 6.8M 5 
-51 9 9 6.8M 3 
-51 10 8 7.2M 4 
-51 9 8 7.0M 4 
-51 9 8 6.9M 4 
-51 9 9 6.8M 4 
-51 9 9 6.8M 4 
-51 9 8 6.9M 4 
-51 9 8 6.9M 4 
-51 8 9 6.5M 2 
-53 7 8 5.5M 4 
-52 8 8 6.4M 4 
-52 8 8 6.4M 4 
-55 8 8 6.1M 3 
-58 6 7 4.6M 5 
-58 5 7 4.4M 3 
-58 6 7 5.0M 5 
-58 6 7 4.9M 4 
-59 6 7 4.8M 4 
-58 6 7 4.7M 4 
-58 6 7 4.3M 8 
-58 5 7 4.3M 0 
-58 6 7 5.1M 5 
-58 6 7 4.9M 4 
-58 6 7 4.7M 3 
-58 6 7 4.6M 3 
-58 6 7 5.0M 1 
-58 7 7 5.1M 7 
-59 6 7 4.7M 3 
-59 6 7 4.8M 3 
-60 6 7 4.7M 3 
-60 6 7 5.0M 5 
-58 6 7 5.0M 4 
-59 6 7 4.6M 4 
-58 5 7 4.4M 4 
-59 6 7 4.6M 4 
-58 5 7 4.4M 4 
-58 6 7 4.6M 4 
-58 6 7 4.6M 4 
-58 6 7 4.8M 4 
-59 6 7 4.6M 4 
-58 5 7 4.5M 2 
-58 6 7 4.9M 5 
-58 7 7 4.8M 8 
-58 5 7 4.3M 0 
-55 5 15 2.9M 4 
-47 0 32 0.0 -47 0 32 0.0 -47 0 33 0.0 -47 0 32 0.0 -47 0 32 0.0 