RSRP (dB) | MCS | SINR (dB) | DL Brate (bps) | BLER (%)
--------------------------------------------------------------------------
-59 6 19 906k 20 
-65 2 7 2.2M 0 
-66 4 7 3.8M 1 
-66 5 7 4.2M 2 
-65 6 7 5.3M 3 
-64 6 7 5.1M 5 
-65 6 7 4.7M 5 
-65 5 7 4.6M 4 
-65 6 7 5.3M 4 
-65 6 7 4.9M 5 
-65 6 7 5.2M 3 
-65 6 7 5.3M 3 
-65 6 7 5.3M 5 
-65 6 7 5.3M 4 
-65 6 7 5.1M 5 
-66 5 7 4.4M 4 
-65 6 7 5.3M 4 
-65 6 7 4.9M 5 
-66 6 7 5.2M 4 
-65 6 7 5.3M 4 
-65 6 7 5.3M 4 
-65 6 7 5.3M 4 
-65 6 7 5.3M 3 
-65 6 7 5.4M 3 
-65 7 7 5.2M 7 
-65 5 7 4.6M 4 
-66 5 7 4.6M 3 
-65 6 7 5.2M 4 
-65 6 7 5.1M 4 
-65 6 7 5.3M 4 
-65 6 7 5.1M 4 
-65 7 7 5.3M 5 
-64 5 7 3.9M 4 
-65 6 7 5.0M 4 
-65 6 7 4.9M 5 
-65 6 7 5.0M 3 
-64 6 7 5.2M 4 
-65 6 7 5.1M 5 
-65 6 7 5.1M 4 
-65 6 7 5.0M 4 
-65 6 7 5.1M 5 
-65 6 7 5.1M 5 
-65 6 7 4.9M 3 
-65 6 7 5.1M 5 
-65 6 7 5.1M 4 
-66 6 7 4.9M 4 
-65 6 7 4.8M 4 
-65 6 7 5.2M 4 
-65 6 7 5.2M 4 
-66 6 7 5.0M 4 
-65 6 7 5.2M 4 
-65 5 7 4.6M 4 
-65 6 7 5.3M 4 
-66 6 7 5.2M 4 
-66 6 7 4.9M 5 
-66 6 7 4.8M 4 
-66 6 7 4.9M 4 
-65 6 7 4.9M 5 
-66 6 7 5.2M 3 
-66 6 7 4.8M 4 
-66 6 7 5.0M 5 
-64 5 9 3.9M 3 
-54 0 26 0.0 -54 0 26 0.0 -54 0 25 0.0 -54 0 26 0.0 -54 0 26 0.0 -54 0 26 0.0 -53 0 26 0.0 -53 0 26 0.0 -54 0 26 0.0 