RSRP (dB) | MCS | SINR (dB) | DL Brate (bps) | BLER (%)
--------------------------------------------------------------------------
-64 5 7 4.5M 2 
-64 6 7 4.9M 5 
-64 6 7 5.1M 4 
-64 6 7 5.0M 4 
-64 6 7 4.8M 5 
-63 6 7 4.8M 4 
-64 6 7 5.1M 4 
-64 6 7 5.0M 5 
-64 6 7 4.6M 4 
-64 6 7 5.1M 5 
-64 6 7 4.8M 3 
-64 6 7 4.9M 4 
-63 6 7 5.0M 4 
-63 6 7 5.2M 3 
-64 6 7 4.8M 4 
-63 6 7 4.7M 3 
-63 6 7 5.1M 4 
-63 6 7 5.0M 5 
-63 6 7 5.0M 4 
-63 6 7 4.7M 5 
-63 6 7 5.0M 4 
-63 6 7 5.3M 4 
-63 6 7 4.9M 5 
-64 6 7 4.9M 3 
-63 6 7 5.0M 4 
-63 6 7 5.0M 5 
-63 6 7 4.7M 5 
-63 6 7 4.9M 4 
-63 6 7 5.2M 3 
-63 6 7 4.8M 6 
-63 6 7 4.7M 4 
-63 6 7 4.7M 3 
-63 6 7 4.7M 4 
-63 6 7 4.8M 5 
-63 6 7 5.0M 3 
-63 6 7 5.1M 4 
-63 6 7 4.7M 5 
-64 6 7 5.1M 5 
-63 6 7 4.8M 4 
-63 6 7 4.7M 3 
-63 6 7 4.9M 4 
-63 6 7 4.7M 5 
-63 6 7 4.7M 3 
-64 6 7 4.9M 4 
-63 6 7 4.8M 5 
-63 6 7 4.8M 5 
-63 6 7 4.6M 4 
-64 6 7 4.8M 3 
-63 6 7 5.0M 5 
-63 6 7 4.6M 4 
-63 6 7 5.0M 5 
-63 6 7 4.9M 4 
-63 6 7 4.7M 4 
-64 6 7 4.9M 4 
-64 6 7 4.8M 4 
-63 6 7 5.0M 5 
-63 6 7 4.6M 4 
-63 5 7 4.4M 5 
-64 6 7 4.8M 3 
-61 6 13 3.4M 3 
-52 0 30 0.0 -52 0 30 0.0 -52 0 30 0.0 -52 0 30 0.0 