RSRP (dB) | MCS | SINR (dB) | DL Brate (bps) | BLER (%)
--------------------------------------------------------------------------
-64 2 7 1.6M 0 
-64 2 7 2.6M 0 
-65 4 7 4.1M 0 
-65 6 7 5.1M 4 
-64 6 7 5.3M 3 
-64 6 7 5.4M 3 
-64 6 7 5.1M 4 
-65 7 7 5.3M 5 
-65 6 7 5.5M 1 
-65 6 7 5.4M 3 
-65 7 7 4.8M 8 
-65 6 7 5.0M 3 
-65 6 7 5.2M 3 
-65 6 7 5.2M 4 
-65 6 7 5.2M 2 
-65 6 7 5.4M 3 
-65 7 7 5.2M 7 
-65 6 7 4.7M 3 
-65 6 7 5.1M 3 
-65 6 7 5.5M 1 
-65 7 7 5.2M 7 
-65 6 7 5.0M 5 
-65 6 7 5.3M 2 
-65 6 7 5.5M 1 
-65 6 7 5.3M 4 
-65 6 7 5.4M 4 
-65 6 7 5.3M 5 
-65 7 7 5.4M 4 
-66 6 7 5.4M 2 
-65 7 7 5.4M 4 
-65 6 7 5.4M 2 
-64 7 7 5.3M 9 
-64 6 7 4.8M 3 
-64 6 7 5.4M 3 
-63 6 7 5.1M 5 
-64 6 7 5.4M 2 
-64 6 7 5.1M 6 
-64 6 7 5.1M 3 
-64 6 7 5.4M 3 
-64 7 7 5.3M 7 
-65 5 7 4.9M 0 
-64 6 7 5.1M 6 
-64 6 7 5.1M 2 
-64 5 7 4.6M 3 
-64 6 7 5.3M 1 
-65 6 7 5.4M 3 
-64 6 7 5.4M 4 
-64 7 7 5.3M 6 
-64 6 7 5.5M 1 
-64 7 7 5.4M 5 
-64 7 7 5.3M 5 
-64 6 7 4.9M 5 
-64 6 7 5.5M 0 
-64 6 7 5.5M 1 
-64 7 7 5.4M 4 
-64 6 7 5.3M 4 
-65 6 7 5.3M 5 
-64 7 7 5.4M 5 
-64 6 7 5.4M 3 
-64 6 7 5.4M 3 
-56 6 25 632k 0 
-53 0 28 0.0 