Filename: 0.txt

RSRP (dB) | MCS | SINR (dB) | DL Brate (bps) | BLER (%)
--------------------------------------------------------------------------
-58 3 8 2.6M 4 
-58 4 7 3.9M 0 
-57 6 8 5.0M 3 
-58 6 8 4.8M 4 
-58 6 7 4.7M 4 
-57 6 7 4.9M 5 
-56 5 8 4.5M 4 
-58 6 7 4.6M 4 
-57 6 8 4.9M 5 
-58 6 7 4.8M 4 
-58 6 7 5.3M 3 
-56 6 8 5.1M 5 
-58 6 8 5.0M 3 
-59 6 7 5.2M 3 
-58 6 8 4.9M 3 
-58 6 8 4.9M 4 
-56 6 8 5.0M 3 
-57 6 8 4.8M 4 
-57 5 7 4.4M 4 
-57 6 7 4.6M 4 
-57 6 7 4.9M 4 
-57 6 7 4.9M 5 
-58 6 7 5.1M 4 
-58 6 7 4.9M 3 
-57 6 7 5.2M 5 
-57 6 7 4.8M 4 
-57 6 7 4.7M 4 
-58 6 8 5.0M 1 
-57 6 8 5.1M 6 
-56 6 8 4.9M 4 
-57 6 7 4.8M 5 
-57 6 8 5.2M 4 
-57 6 8 5.0M 4 
-57 6 7 4.9M 4 
-58 6 7 4.7M 4 
-57 6 7 5.1M 4 
-57 6 7 5.0M 4 
-57 6 7 4.9M 5 
-56 6 8 4.8M 4 
-57 6 8 4.7M 4 
-57 6 7 4.6M 4 
-56 6 8 4.5M 5 
-57 6 7 5.0M 4 
-57 5 8 4.6M 2 
-58 6 8 4.6M 3 
-56 6 8 4.9M 4 
-57 6 8 4.7M 4 
-56 6 8 4.7M 4 
-56 5 8 4.5M 4 
-57 6 8 4.8M 4 
-57 6 7 4.8M 4 
-57 6 8 4.9M 3 
-57 6 8 5.0M 6 
-56 5 8 4.4M 4 
-57 6 8 4.7M 4 
-57 5 8 4.3M 4 
-57 6 8 4.5M 5 
-57 5 8 4.5M 4 
-57 5 8 4.3M 4 
-57 5 8 4.2M 5 
-58 5 8 4.4M 2 
-49 5 28 532k 0 
-47 0 31 0.0 -47 0 32 0.0 

Filename: 2.txt

RSRP (dB) | MCS | SINR (dB) | DL Brate (bps) | BLER (%)
--------------------------------------------------------------------------
-51 18 25 1.5M 40 
-56 2 10 2.0M 5 
-55 2 8 2.8M 0 
-57 4 8 3.6M 0 
-57 5 7 4.4M 2 
-56 6 8 4.8M 4 
-57 6 7 5.1M 5 
-57 6 7 5.1M 4 
-57 6 8 5.0M 4 
-55 6 8 5.2M 5 
-57 5 8 4.5M 4 
-57 6 8 4.7M 4 
-57 6 8 4.9M 5 
-57 6 8 4.9M 4 
-57 6 7 4.7M 3 
-58 6 7 4.8M 4 
-58 6 7 4.7M 6 
-57 6 7 4.7M 4 
-57 6 7 4.6M 4 
-57 6 7 4.8M 4 
-57 6 7 4.8M 5 
-57 6 7 4.9M 4 
-57 6 7 5.1M 4 
-56 6 8 4.8M 5 
-55 6 8 4.9M 5 
-57 6 8 4.9M 4 
-57 6 8 4.9M 3 
-57 6 8 4.9M 5 
-57 6 7 4.7M 5 
-57 6 8 4.8M 5 
-57 6 8 4.7M 3 
-55 6 8 4.9M 5 
-57 6 8 4.6M 5 
-56 6 8 5.0M 4 
-56 6 8 5.1M 4 
-57 6 8 4.7M 5 
-56 6 8 4.9M 4 
-57 6 7 4.9M 4 
-56 6 8 4.6M 4 
-57 6 7 4.8M 4 
-57 6 8 4.9M 5 
-57 6 8 4.8M 3 
-56 6 7 5.0M 4 
-54 7 8 5.4M 5 
-55 6 8 5.1M 4 
-55 6 8 4.9M 4 
-56 6 8 5.0M 4 
-56 6 8 4.9M 4 
-55 6 8 5.0M 5 
-54 6 8 5.0M 4 
-54 6 8 5.1M 5 
-55 6 8 4.9M 4 
-55 6 8 5.1M 5 
-55 6 8 5.0M 5 
-55 6 8 5.0M 4 
-56 6 8 4.8M 5 
-55 6 8 4.9M 5 
-54 7 8 5.4M 4 
-55 6 8 4.9M 4 
-55 6 8 5.0M 5 
-55 6 8 5.0M 4 
-48 6 26 1.0M 4 
-46 0 32 0.0 -46 0 32 0.0 -46 0 31 0.0 -46 0 32 0.0 -46 0 32 0.0 -46 0 32 0.0 -46 0 32 0.0 -46 0 32 0.0 -47 0 32 0.0 -47 0 32 0.0 

Filename: -2.txt

RSRP (dB) | MCS | SINR (dB) | DL Brate (bps) | BLER (%)
--------------------------------------------------------------------------
-55 1 7 1.9M 0 
-55 3 7 3.3M 0 
-55 5 7 4.6M 0 
-56 6 7 5.5M 2 
-52 11 16 4.2M 16 
-52 6 14 2.8M 14 
-55 2 7 2.5M 0 
-56 4 7 3.7M 0 
-55 6 7 4.7M 3 
-55 6 7 5.3M 4 
-56 6 7 5.0M 3 
-55 6 7 5.2M 4 
-56 6 7 5.2M 3 
-56 6 7 5.2M 5 
-56 6 7 5.2M 4 
-56 6 7 5.3M 3 
-56 7 7 5.2M 5 
-56 5 8 4.4M 0 
-55 6 7 4.7M 2 
-56 6 7 4.6M 3 
-56 6 7 4.8M 2 
-56 6 7 5.0M 2 
-56 6 7 5.1M 5 
-55 6 7 5.1M 3 
-55 6 7 4.7M 4 
-56 6 7 5.5M 2 
-56 6 7 4.8M 5 
-56 7 7 5.4M 4 
-56 6 7 5.4M 2 
-55 6 7 5.0M 5 
-55 5 7 4.4M 1 
-55 6 7 4.7M 4 
-56 6 7 5.3M 0 
-56 7 7 5.4M 4 
-56 6 7 5.5M 1 
-55 7 7 5.4M 4 
-55 6 7 5.3M 3 
-55 6 7 5.3M 4 
-55 7 7 5.4M 3 
-55 6 7 5.5M 1 
-55 7 7 5.4M 5 
-55 7 7 5.3M 7 
-55 6 7 5.5M 0 
-55 7 7 5.4M 3 
-55 7 7 5.2M 7 
-56 6 7 5.1M 1 
-55 6 7 5.1M 0 
-55 6 7 5.5M 1 
-55 6 7 5.5M 3 
-55 7 7 5.1M 8 
-56 5 7 4.7M 0 
-55 6 7 4.9M 1 
-55 6 7 5.0M 3 
-55 7 7 5.3M 6 
-54 5 8 4.5M 0 
-55 6 7 5.0M 1 
-55 7 7 5.4M 4 
-56 7 7 5.4M 3 
-56 7 7 5.4M 6 
-51 6 16 3.4M 1 
-43 0 33 0.0 -43 0 32 0.0 -43 0 33 0.0 -43 0 33 0.0 

Filename: 4.txt

RSRP (dB) | MCS | SINR (dB) | DL Brate (bps) | BLER (%)
--------------------------------------------------------------------------
-58 2 7 2.6M 0 
-57 5 7 4.4M 0 
-58 6 7 4.9M 5 
-57 6 7 5.0M 5 
-56 6 8 4.9M 4 
-57 6 7 5.1M 4 
-58 6 7 4.9M 5 
-58 6 7 4.6M 4 
-57 6 8 4.8M 4 
-57 6 7 4.6M 5 
-58 6 7 4.8M 5 
-59 6 7 5.1M 4 
-58 6 7 4.8M 4 
-58 6 7 4.9M 5 
-59 6 7 4.9M 4 
-58 6 8 4.9M 3 
-58 6 7 5.0M 4 
-57 6 7 4.9M 4 
-57 6 7 4.9M 5 
-58 6 7 4.9M 4 
-58 6 7 4.9M 5 
-58 5 7 4.5M 4 
-58 6 7 4.9M 4 
-59 6 7 4.8M 5 
-58 6 7 4.7M 4 
-59 6 7 4.7M 4 
-59 6 7 4.9M 4 
-58 6 7 5.1M 4 
-58 6 7 5.1M 4 
-58 6 7 4.8M 4 
-58 6 7 5.1M 5 
-59 6 7 4.8M 4 
-58 5 7 4.4M 4 
-58 6 7 4.8M 4 
-58 6 7 4.5M 5 
-58 6 7 4.9M 4 
-60 6 7 4.8M 4 
-60 6 7 4.7M 4 
-59 6 7 4.7M 5 
-58 6 7 4.8M 4 
-58 6 7 4.9M 4 
-58 6 7 4.6M 4 
-60 6 7 4.7M 5 
-58 6 7 5.0M 4 
-58 6 7 4.8M 4 
-59 6 7 4.8M 4 
-58 6 7 4.8M 5 
-59 6 7 4.8M 4 
-58 6 7 4.7M 4 
-57 6 7 4.9M 4 
-58 6 7 4.8M 5 
-59 6 7 4.6M 4 
-58 6 7 4.8M 4 
-58 6 7 4.8M 4 
-58 6 7 4.8M 5 
-58 6 7 4.8M 4 
-58 6 7 4.7M 4 
-58 6 7 4.9M 4 
-58 6 7 4.9M 5 
-58 6 8 4.7M 4 
-53 6 20 2.2M 4 
-48 0 32 0.0 -48 0 32 0.0 -48 0 32 0.0 -48 2 32 5.4k 0 


Filename: -4.txt

RSRP (dB) | MCS | SINR (dB) | DL Brate (bps) | BLER (%)
--------------------------------------------------------------------------
-63 2 7 2.3M 0 
-63 4 7 3.8M 0 
-63 6 7 4.8M 3 
-63 6 7 5.0M 3 
-63 6 7 4.9M 6 
-63 6 7 4.6M 4 
-63 6 7 4.9M 4 
-63 6 7 4.9M 5 
-63 6 7 5.0M 3 
-63 6 7 5.1M 4 
-63 6 7 4.8M 5 
-63 6 7 4.7M 3 
-63 6 7 4.8M 4 
-63 5 7 4.5M 4 
-63 5 7 4.4M 3 
-63 6 7 4.9M 4 
-63 6 7 5.1M 4 
-63 6 7 5.1M 5 
-63 6 7 5.0M 4 
-63 6 7 4.6M 5 
-63 6 7 4.7M 4 
-63 6 7 5.1M 3 
-63 6 7 4.8M 5 
-63 6 7 4.8M 5 
-63 6 7 5.2M 2 
-63 7 7 5.4M 4 
-63 6 7 4.6M 5 
-63 6 7 4.6M 5 
-63 6 7 5.3M 4 
-63 6 7 5.1M 5 
-63 6 7 4.5M 5 
-63 6 7 4.8M 4 
-62 6 7 4.6M 4 
-62 6 7 5.1M 4 
-62 6 7 4.8M 3 
-63 6 7 4.8M 5 
-63 6 7 4.8M 4 
-63 6 7 4.9M 3 
-63 6 7 4.5M 4 
-63 6 7 5.0M 4 
-63 6 7 5.1M 4 
-63 6 7 4.9M 4 
-63 6 7 4.5M 4 
-63 6 7 4.6M 3 
-63 6 7 5.0M 4 
-63 6 7 4.9M 4 
-63 6 7 4.8M 4 
-63 6 7 5.0M 5 
-63 6 7 5.1M 4 
-63 6 7 4.6M 5 
-63 6 7 4.8M 4 
-63 6 7 5.0M 5 
-64 6 7 4.7M 4 
-63 6 7 4.9M 5 
-64 6 7 4.8M 3 
-63 6 7 5.0M 4 
-63 6 7 5.1M 4 
-63 6 7 4.8M 4 
-63 6 7 4.9M 4 
-63 6 7 5.0M 4 
-53 6 27 453k 2 
-52 0 30 0.0 -52 0 30 0.0 -52 0 30 0.0 -52 0 30 0.0 -52 0 30 0.0 

Filename: 6.txt

RSRP (dB) | MCS | SINR (dB) | DL Brate (bps) | BLER (%)
--------------------------------------------------------------------------
-57 3 8 2.4M 3 
-55 4 8 3.7M 0 
-57 5 8 4.6M 0 
-57 6 7 4.7M 6 
-57 5 8 4.4M 0 
-57 6 7 4.5M 5 
-59 6 7 4.6M 3 
-59 6 7 4.7M 4 
-61 6 7 4.7M 3 
-57 6 7 4.9M 4 
-52 7 8 5.6M 4 
-53 7 8 5.6M 4 
-51 8 8 6.2M 3 
-51 9 9 6.9M 3 
-51 9 9 6.8M 3 
-49 9 9 6.8M 5 
-51 9 9 6.8M 3 
-51 10 8 7.2M 4 
-51 9 8 7.0M 4 
-51 9 8 6.9M 4 
-51 9 9 6.8M 4 
-51 9 9 6.8M 4 
-51 9 8 6.9M 4 
-51 9 8 6.9M 4 
-51 8 9 6.5M 2 
-53 7 8 5.5M 4 
-52 8 8 6.4M 4 
-52 8 8 6.4M 4 
-55 8 8 6.1M 3 
-58 6 7 4.6M 5 
-58 5 7 4.4M 3 
-58 6 7 5.0M 5 
-58 6 7 4.9M 4 
-59 6 7 4.8M 4 
-58 6 7 4.7M 4 
-58 6 7 4.3M 8 
-58 5 7 4.3M 0 
-58 6 7 5.1M 5 
-58 6 7 4.9M 4 
-58 6 7 4.7M 3 
-58 6 7 4.6M 3 
-58 6 7 5.0M 1 
-58 7 7 5.1M 7 
-59 6 7 4.7M 3 
-59 6 7 4.8M 3 
-60 6 7 4.7M 3 
-60 6 7 5.0M 5 
-58 6 7 5.0M 4 
-59 6 7 4.6M 4 
-58 5 7 4.4M 4 
-59 6 7 4.6M 4 
-58 5 7 4.4M 4 
-58 6 7 4.6M 4 
-58 6 7 4.6M 4 
-58 6 7 4.8M 4 
-59 6 7 4.6M 4 
-58 5 7 4.5M 2 
-58 6 7 4.9M 5 
-58 7 7 4.8M 8 
-58 5 7 4.3M 0 
-55 5 15 2.9M 4 
-47 0 32 0.0 -47 0 32 0.0 -47 0 33 0.0 -47 0 32 0.0 -47 0 32 0.0 

Filename: -6.txt

RSRP (dB) | MCS | SINR (dB) | DL Brate (bps) | BLER (%)
--------------------------------------------------------------------------
-64 5 7 4.5M 2 
-64 6 7 4.9M 5 
-64 6 7 5.1M 4 
-64 6 7 5.0M 4 
-64 6 7 4.8M 5 
-63 6 7 4.8M 4 
-64 6 7 5.1M 4 
-64 6 7 5.0M 5 
-64 6 7 4.6M 4 
-64 6 7 5.1M 5 
-64 6 7 4.8M 3 
-64 6 7 4.9M 4 
-63 6 7 5.0M 4 
-63 6 7 5.2M 3 
-64 6 7 4.8M 4 
-63 6 7 4.7M 3 
-63 6 7 5.1M 4 
-63 6 7 5.0M 5 
-63 6 7 5.0M 4 
-63 6 7 4.7M 5 
-63 6 7 5.0M 4 
-63 6 7 5.3M 4 
-63 6 7 4.9M 5 
-64 6 7 4.9M 3 
-63 6 7 5.0M 4 
-63 6 7 5.0M 5 
-63 6 7 4.7M 5 
-63 6 7 4.9M 4 
-63 6 7 5.2M 3 
-63 6 7 4.8M 6 
-63 6 7 4.7M 4 
-63 6 7 4.7M 3 
-63 6 7 4.7M 4 
-63 6 7 4.8M 5 
-63 6 7 5.0M 3 
-63 6 7 5.1M 4 
-63 6 7 4.7M 5 
-64 6 7 5.1M 5 
-63 6 7 4.8M 4 
-63 6 7 4.7M 3 
-63 6 7 4.9M 4 
-63 6 7 4.7M 5 
-63 6 7 4.7M 3 
-64 6 7 4.9M 4 
-63 6 7 4.8M 5 
-63 6 7 4.8M 5 
-63 6 7 4.6M 4 
-64 6 7 4.8M 3 
-63 6 7 5.0M 5 
-63 6 7 4.6M 4 
-63 6 7 5.0M 5 
-63 6 7 4.9M 4 
-63 6 7 4.7M 4 
-64 6 7 4.9M 4 
-64 6 7 4.8M 4 
-63 6 7 5.0M 5 
-63 6 7 4.6M 4 
-63 5 7 4.4M 5 
-64 6 7 4.8M 3 
-61 6 13 3.4M 3 
-52 0 30 0.0 -52 0 30 0.0 -52 0 30 0.0 -52 0 30 0.0 

Filename: 8.txt

RSRP (dB) | MCS | SINR (dB) | DL Brate (bps) | BLER (%)
--------------------------------------------------------------------------
-59 6 19 906k 20 
-65 2 7 2.2M 0 
-66 4 7 3.8M 1 
-66 5 7 4.2M 2 
-65 6 7 5.3M 3 
-64 6 7 5.1M 5 
-65 6 7 4.7M 5 
-65 5 7 4.6M 4 
-65 6 7 5.3M 4 
-65 6 7 4.9M 5 
-65 6 7 5.2M 3 
-65 6 7 5.3M 3 
-65 6 7 5.3M 5 
-65 6 7 5.3M 4 
-65 6 7 5.1M 5 
-66 5 7 4.4M 4 
-65 6 7 5.3M 4 
-65 6 7 4.9M 5 
-66 6 7 5.2M 4 
-65 6 7 5.3M 4 
-65 6 7 5.3M 4 
-65 6 7 5.3M 4 
-65 6 7 5.3M 3 
-65 6 7 5.4M 3 
-65 7 7 5.2M 7 
-65 5 7 4.6M 4 
-66 5 7 4.6M 3 
-65 6 7 5.2M 4 
-65 6 7 5.1M 4 
-65 6 7 5.3M 4 
-65 6 7 5.1M 4 
-65 7 7 5.3M 5 
-64 5 7 3.9M 4 
-65 6 7 5.0M 4 
-65 6 7 4.9M 5 
-65 6 7 5.0M 3 
-64 6 7 5.2M 4 
-65 6 7 5.1M 5 
-65 6 7 5.1M 4 
-65 6 7 5.0M 4 
-65 6 7 5.1M 5 
-65 6 7 5.1M 5 
-65 6 7 4.9M 3 
-65 6 7 5.1M 5 
-65 6 7 5.1M 4 
-66 6 7 4.9M 4 
-65 6 7 4.8M 4 
-65 6 7 5.2M 4 
-65 6 7 5.2M 4 
-66 6 7 5.0M 4 
-65 6 7 5.2M 4 
-65 5 7 4.6M 4 
-65 6 7 5.3M 4 
-66 6 7 5.2M 4 
-66 6 7 4.9M 5 
-66 6 7 4.8M 4 
-66 6 7 4.9M 4 
-65 6 7 4.9M 5 
-66 6 7 5.2M 3 
-66 6 7 4.8M 4 
-66 6 7 5.0M 5 
-64 5 9 3.9M 3 
-54 0 26 0.0 -54 0 26 0.0 -54 0 25 0.0 -54 0 26 0.0 -54 0 26 0.0 -54 0 26 0.0 -53 0 26 0.0 -53 0 26 0.0 -54 0 26 0.0 

Filename: -8.txt

RSRP (dB) | MCS | SINR (dB) | DL Brate (bps) | BLER (%)
--------------------------------------------------------------------------
-64 2 7 1.6M 0 
-64 2 7 2.6M 0 
-65 4 7 4.1M 0 
-65 6 7 5.1M 4 
-64 6 7 5.3M 3 
-64 6 7 5.4M 3 
-64 6 7 5.1M 4 
-65 7 7 5.3M 5 
-65 6 7 5.5M 1 
-65 6 7 5.4M 3 
-65 7 7 4.8M 8 
-65 6 7 5.0M 3 
-65 6 7 5.2M 3 
-65 6 7 5.2M 4 
-65 6 7 5.2M 2 
-65 6 7 5.4M 3 
-65 7 7 5.2M 7 
-65 6 7 4.7M 3 
-65 6 7 5.1M 3 
-65 6 7 5.5M 1 
-65 7 7 5.2M 7 
-65 6 7 5.0M 5 
-65 6 7 5.3M 2 
-65 6 7 5.5M 1 
-65 6 7 5.3M 4 
-65 6 7 5.4M 4 
-65 6 7 5.3M 5 
-65 7 7 5.4M 4 
-66 6 7 5.4M 2 
-65 7 7 5.4M 4 
-65 6 7 5.4M 2 
-64 7 7 5.3M 9 
-64 6 7 4.8M 3 
-64 6 7 5.4M 3 
-63 6 7 5.1M 5 
-64 6 7 5.4M 2 
-64 6 7 5.1M 6 
-64 6 7 5.1M 3 
-64 6 7 5.4M 3 
-64 7 7 5.3M 7 
-65 5 7 4.9M 0 
-64 6 7 5.1M 6 
-64 6 7 5.1M 2 
-64 5 7 4.6M 3 
-64 6 7 5.3M 1 
-65 6 7 5.4M 3 
-64 6 7 5.4M 4 
-64 7 7 5.3M 6 
-64 6 7 5.5M 1 
-64 7 7 5.4M 5 
-64 7 7 5.3M 5 
-64 6 7 4.9M 5 
-64 6 7 5.5M 0 
-64 6 7 5.5M 1 
-64 7 7 5.4M 4 
-64 6 7 5.3M 4 
-65 6 7 5.3M 5 
-64 7 7 5.4M 5 
-64 6 7 5.4M 3 
-64 6 7 5.4M 3 
-56 6 25 632k 0 
-53 0 28 0.0 

Filename: 10.txt

RSRP (dB) | MCS | SINR (dB) | DL Brate (bps) | BLER (%)
--------------------------------------------------------------------------
-66 4 13 715k 21 
-70 2 6 1.2M 0 
-68 3 12 1.4M 8 
-71 0 6 1.4M 0 
-69 2 10 1.3M 9 
-68 1 10 1.2M 4 
-71 0 6 1.3M 0 
-71 1 6 1.9M 0 
-70 1 6 1.9M 1 
-68 3 10 1.4M 6 
-68 2 10 1.4M 7 
-68 1 9 1.5M 8 
-69 3 8 1.3M 5 
-68 3 11 1.2M 15 
-72 0 6 1.3M 0 
-72 0 6 1.3M 0 
-71 0 6 1.2M 0 
-71 0 6 1.2M 0 
-70 1 7 1.3M 0 
-69 2 9 1.4M 6 
-70 0 7 1.3M 3 
-70 1 7 1.2M 2 
-69 2 9 1.2M 7 
-69 1 9 1.1M 4 
-70 1 8 1.2M 3 
-70 0 7 1.1M 0 
-71 4 7 1.3M 3 
-71 0 7 1.3M 2 
-71 1 6 1.3M 0 
-69 1 8 1.3M 6 
-69 4 10 1.3M 8 
-71 9 6 1.3M 1 
-71 4 6 1.2M 0 
-70 0 6 1.2M 0 
-69 2 7 1.2M 5 
-71 1 6 1.3M 0 
-72 1 6 1.4M 0 
-71 0 6 1.4M 0 
-73 0 5 1.6M 0 
-73 1 6 1.8M 2 
-72 2 6 2.2M 1 
-71 3 6 3.0M 1 
-71 4 6 3.4M 3 
-71 1 6 1.6M 3 
-72 1 6 1.7M 2 
-72 0 6 1.6M 0 
-72 1 6 1.7M 3 
-71 1 6 1.8M 1 
-72 1 6 1.8M 2 
-71 0 6 1.4M 2 
-71 1 7 1.4M 5 
-72 0 6 1.3M 0 
-72 1 6 1.5M 1 
-71 1 6 1.6M 1 
-72 1 6 1.7M 0 
-72 1 6 1.8M 1 
-71 1 7 1.5M 5 
-72 11 6 1.3M 0 
-69 2 9 1.3M 7 
-70 1 9 1.2M 4 
-70 11 9 900k 0 
-62 0 19 0.0 -62 0 19 0.0 -60 0 21 0.0 -60 0 22 0.0 -61 2 20 3.6k 0 


Filename: -10.txt

RSRP (dB) | MCS | SINR (dB) | DL Brate (bps) | BLER (%)
--------------------------------------------------------------------------
-59 4 7 4.1M 0 
-59 6 7 4.6M 4 
-59 6 7 4.7M 4 
-59 6 7 4.7M 4 
-58 6 7 4.6M 6 
-58 8 9 3.7M 16 
-59 2 7 2.3M 0 
-59 4 7 4.1M 0 
-59 6 7 4.8M 3 
-58 6 7 4.8M 4 
-59 5 7 4.4M 4 
-58 6 7 4.6M 5 
-58 6 7 4.7M 5 
-58 5 7 4.3M 4 
-58 6 7 5.3M 4 
-58 6 7 4.9M 5 
-58 6 7 4.8M 5 
-58 6 7 4.6M 4 
-59 6 7 4.7M 5 
-59 6 7 4.7M 4 
-59 6 7 4.7M 4 
-58 6 7 4.6M 5 
-59 6 7 4.8M 3 
-59 5 7 4.3M 5 
-58 6 7 4.5M 4 
-60 6 7 4.8M 5 
-58 6 7 5.0M 4 
-58 6 7 4.8M 4 
-58 5 7 4.2M 5 
-59 6 7 5.0M 4 
-59 6 7 4.6M 5 
-60 5 7 4.5M 4 
-59 6 7 4.9M 4 
-60 5 7 4.3M 4 
-59 6 7 4.6M 4 
-59 5 7 4.4M 4 
-58 6 7 4.7M 5 
-58 6 7 4.7M 4 
-59 5 7 4.5M 4 
-58 6 7 4.6M 3 
-59 6 7 4.7M 5 
-58 6 7 4.7M 4 
-58 6 7 4.6M 5 
-59 6 7 4.8M 4 
-59 6 7 5.1M 5 
-59 5 7 4.5M 4 
-59 6 7 4.7M 4 
-59 6 7 4.9M 4 
-59 6 7 4.9M 5 
-59 6 7 4.6M 4 
-58 6 7 4.7M 5 
-59 5 7 4.5M 4 
-59 5 7 4.4M 4 
-59 6 7 4.6M 4 
-59 6 7 4.9M 5 
-59 5 7 4.3M 4 
-59 5 7 4.4M 4 
-59 6 7 4.9M 4 
-58 5 7 4.5M 4 
-59 6 8 4.4M 4 
-49 12 30 2.0k 50 
-49 0 30 0.0 

Filename: 12.txt

RSRP (dB) | MCS | SINR (dB) | DL Brate (bps) | BLER (%)
--------------------------------------------------------------------------
-66 6 7 5.2M 3 
-66 6 7 5.4M 2 
-66 6 7 5.4M 4 
-66 6 7 5.4M 3 
-66 6 7 5.4M 3 
-66 7 7 5.4M 5 
-66 6 7 5.3M 5 
-66 6 7 5.4M 3 
-66 6 7 5.3M 4 
-65 6 7 5.2M 4 
-65 6 7 5.4M 1 
-66 6 7 5.4M 3 
-65 6 7 5.3M 4 
-65 6 7 5.4M 4 
-65 6 7 5.3M 4 
-66 7 7 5.3M 7 
-66 6 7 5.4M 1 
-65 7 7 5.4M 4 
-66 6 7 5.3M 4 
-66 6 7 5.4M 4 
-65 6 7 5.2M 6 
-66 6 7 5.4M 3 
-65 7 7 5.3M 5 
-65 6 7 5.4M 2 
-66 7 7 5.4M 4 
-65 6 7 5.3M 6 
-65 6 7 5.4M 3 
-65 7 7 5.3M 5 
-65 6 7 5.0M 5 
-65 6 7 5.5M 0 
-65 7 7 5.3M 7 
-66 6 7 5.4M 3 
-65 6 7 4.9M 6 
-65 6 7 5.2M 2 
-65 6 7 5.4M 2 
-65 7 7 5.3M 7 
-65 6 7 5.4M 1 
-65 6 7 5.2M 7 
-65 6 7 5.4M 1 
-66 7 7 5.4M 4 
-65 7 7 5.3M 6 
-66 6 7 5.4M 2 
-66 7 7 5.3M 5 
-67 6 7 5.4M 2 
-66 6 7 5.3M 4 
-67 6 7 5.4M 3 
-66 7 7 5.4M 5 
-66 6 7 5.3M 5 
-66 6 7 5.4M 2 
-66 6 7 5.4M 2 
-66 6 7 5.4M 4 
-67 6 7 5.4M 4 
-66 6 7 5.3M 4 
-65 7 7 5.3M 7 
-66 6 7 5.4M 2 
-66 6 7 5.3M 4 
-63 7 11 4.1M 5 
-54 0 28 0.0 -54 0 27 0.0 -55 0 27 0.0 

Filename: -12.txt

RSRP (dB) | MCS | SINR (dB) | DL Brate (bps) | BLER (%)
--------------------------------------------------------------------------
-53 3 15 2.1M 5 
-55 1 8 1.6M 0 
-55 3 8 3.1M 0 
-55 6 8 5.1M 1 
-55 6 8 4.8M 4 
-55 6 8 4.8M 5 
-55 6 8 4.8M 4 
-56 6 8 4.9M 5 
-56 6 8 4.7M 4 
-56 6 8 4.9M 2 
-56 6 8 4.7M 6 
-57 6 8 4.8M 5 
-56 6 8 4.8M 4 
-56 6 8 4.7M 4 
-55 6 8 4.8M 5 
-56 6 8 4.7M 4 
-55 6 8 5.0M 5 
-55 6 8 4.9M 4 
-56 6 8 4.8M 4 
-55 6 8 4.7M 5 
-55 6 8 4.6M 4 
-56 6 8 4.9M 3 
-57 6 8 5.0M 6 
-55 6 8 4.5M 5 
-56 6 8 4.7M 4 
-56 6 8 4.8M 4 
-56 6 8 4.8M 4 
-55 6 8 4.9M 5 
-55 6 8 4.6M 4 
-56 6 8 5.0M 4 
-55 6 8 4.7M 5 
-56 6 8 5.1M 5 
-55 6 8 4.6M 4 
-56 6 8 5.2M 4 
-56 6 8 4.8M 5 
-56 6 8 4.6M 4 
-54 6 8 5.0M 4 
-55 6 8 5.0M 4 
-56 6 8 4.7M 4 
-55 6 8 4.7M 5 
-56 6 8 4.6M 4 
-55 6 8 4.6M 4 
-55 6 8 4.7M 4 
-56 6 8 4.6M 4 
-56 6 8 4.9M 4 
-56 6 8 4.9M 5 
-56 6 8 4.9M 3 
-55 6 8 4.8M 6 
-56 6 8 4.6M 3 
-55 6 8 5.0M 4 
-55 6 8 4.8M 5 
-56 6 8 4.7M 5 
-56 5 8 4.4M 4 
-56 6 8 4.6M 4 
-55 6 8 4.5M 4 
-54 6 8 5.0M 5 
-55 6 8 4.6M 4 
-56 6 8 5.1M 4 
-57 6 8 4.7M 4 
-56 6 8 4.6M 4 
-52 6 19 2.5M 4 
-46 0 32 0.0 -46 0 32 0.0 -46 2 32 6.5k 0 


