RSRP (dB) | MCS | SINR (dB) | DL Brate (bps) | BLER (%)
--------------------------------------------------------------------------
-54 6 8 5.0M 0 
-54 6 8 5.3M 3 
-54 7 8 5.3M 5 
-54 7 8 5.3M 4 
-54 6 8 5.3M 4 
-54 7 8 5.3M 5 
-54 7 8 5.3M 4 
-54 7 8 5.4M 5 
-54 7 8 5.4M 4 
-54 7 8 5.4M 4 
-54 7 8 5.4M 5 
-56 6 8 5.1M 3 
-55 6 8 5.1M 4 
-55 6 8 5.2M 4 
-56 6 8 5.2M 3 
-56 6 8 5.1M 4 
-55 6 8 5.3M 4 
-55 6 8 5.1M 5 
-55 6 8 5.2M 4 
-56 6 8 4.7M 4 
-56 6 8 5.1M 4 
-55 6 8 5.0M 4 
-55 6 8 5.2M 5 
-55 7 8 5.4M 4 
-55 7 8 5.4M 4 
-54 7 8 5.4M 4 
-54 7 8 5.4M 4 
-54 6 8 5.1M 5 
-54 7 8 5.4M 4 
-54 7 8 5.3M 4 
-55 7 8 5.4M 4 
-55 6 8 5.3M 4 
-55 7 8 5.2M 8 
-55 6 8 5.3M 0 
-55 7 8 5.4M 4 
-55 6 8 5.1M 4 
-55 6 8 5.2M 4 
-55 7 8 5.4M 4 
-55 7 8 5.3M 5 
-55 7 8 5.4M 4 
-55 7 8 5.4M 4 
-55 7 8 5.4M 4 
-55 6 8 5.2M 4 
-56 6 8 5.1M 4 
-55 6 8 5.3M 4 
-55 6 8 5.3M 5 
-57 6 8 5.2M 3 
-56 6 8 4.9M 5 
-56 6 8 5.0M 4 
-56 6 8 4.8M 4 
-56 6 8 5.1M 5 
-56 6 8 4.9M 4 
-56 6 8 5.0M 4 
-56 6 8 5.0M 4 
-56 6 8 5.2M 4 
-56 6 8 5.2M 4 
-56 6 8 4.8M 4 
-56 6 8 5.3M 3 
-56 6 8 4.9M 5 
-54 6 13 3.8M 4 
-47 0 32 0.0 -47 0 32 0.0 -47 2 32 3.0k 0 
