RSRP (dB) | MCS | SINR (dB) | DL Brate (bps) | BLER (%)
--------------------------------------------------------------------------
-47 8 18 3.4M 10 
-46 7 11 6.1M 1 
-46 9 11 7.7M 2 
-46 11 11 8.5M 3 
-45 11 12 8.6M 3 
-45 11 12 8.5M 4 
-45 11 12 8.6M 3 
-45 11 12 9.1M 3 
-46 12 11 9.3M 4 
-46 11 11 9.1M 4 
-46 12 12 9.5M 4 
-46 11 12 8.7M 4 
-46 11 12 8.9M 3 
-46 11 12 8.9M 2 
-46 12 12 9.5M 3 
-46 12 11 9.3M 4 
-46 12 12 9.6M 4 
-46 11 12 9.1M 4 
-46 12 11 10.0M 3 
-46 12 12 10M 5 
-46 11 11 8.9M 4 
-46 11 11 9.1M 4 
-46 11 11 8.9M 4 
-46 11 11 8.6M 4 
-46 12 11 9.5M 5 
-47 10 10 7.8M 4 
-46 11 11 9.0M 4 
-46 12 11 9.5M 4 
-46 12 12 9.5M 4 
-46 11 11 9.1M 3 
-46 11 12 9.2M 4 
-46 11 11 8.9M 4 
-46 11 11 8.5M 4 
-46 11 12 9.1M 4 
-46 12 12 9.2M 4 
-46 11 11 9.2M 4 
-46 11 12 8.6M 4 
-46 12 12 9.2M 4 
-46 11 12 8.5M 5 
-46 11 12 8.6M 3 
-46 12 12 9.3M 4 
-46 12 12 9.4M 4 
-46 11 11 9.3M 4 
-46 12 11 9.5M 4 
-46 11 12 9.1M 4 
-46 11 12 9.1M 4 
-46 11 12 9.1M 4 
-46 12 12 9.7M 4 
-46 11 12 9.0M 4 
-46 11 12 8.7M 6 
-46 11 11 8.5M 3 
-46 11 12 8.5M 3 
-46 11 12 9.0M 3 
-46 12 12 9.3M 4 
-46 12 12 9.4M 4 
-46 11 12 9.0M 4 
-46 11 12 9.1M 4 
-46 11 12 8.8M 4 
-46 11 12 8.9M 4 
-46 11 11 8.8M 4 
-43 11 23 3.9M 4 
-41 0 35 0.0 -41 0 34 0.0 -40 0 34 0.0 