RSRP (dB) | MCS | SINR (dB) | DL Brate (bps) | BLER (%)
--------------------------------------------------------------------------
-63 6 7 5.4M 2 
-62 7 7 5.4M 4 
-63 7 7 5.4M 4 
-63 7 7 5.3M 6 
-63 7 7 5.0M 8 
-63 5 7 4.6M 1 
-62 6 7 5.1M 2 
-62 6 7 5.4M 3 
-61 6 7 4.9M 6 
-61 6 7 5.3M 2 
-63 6 7 5.5M 0 
-62 6 7 5.3M 4 
-62 6 7 5.4M 3 
-62 6 7 5.4M 4 
-62 7 7 5.3M 6 
-61 7 7 5.4M 5 
-62 6 7 5.4M 3 
-61 6 7 5.4M 2 
-61 6 7 5.0M 4 
-61 6 7 4.6M 5 
-61 6 7 5.1M 2 
-61 7 7 5.3M 5 
-61 5 7 4.4M 2 
-61 6 7 4.8M 4 
-61 6 7 5.1M 3 
-61 6 7 5.3M 5 
-61 6 7 5.0M 2 
-61 6 7 5.1M 4 
-61 6 7 5.2M 4 
-61 6 7 5.3M 3 
-61 7 7 5.4M 4 
-61 6 7 5.0M 6 
-61 6 7 4.8M 4 
-61 5 7 4.6M 3 
-61 6 7 4.7M 3 
-62 6 7 5.4M 2 
-61 6 7 5.1M 6 
-62 5 7 4.7M 1 
-62 6 7 5.0M 4 
-61 5 7 4.6M 3 
-61 6 7 5.1M 4 
-61 6 7 5.3M 2 
-62 6 7 4.9M 5 
-60 6 7 5.0M 5 
-60 6 7 4.9M 3 
-61 7 7 4.7M 7 
-62 5 7 4.2M 0 
-62 5 7 4.2M 3 
-61 6 7 5.1M 3 
-62 6 7 5.2M 3 
-63 6 7 5.2M 5 
-62 6 7 4.8M 4 
-62 7 7 5.4M 4 
-63 6 7 5.3M 3 
-63 6 7 4.9M 5 
-63 6 7 4.9M 2 
-59 7 14 3.5M 5 
-51 0 28 0.0 -51 0 28 0.0 -51 0 28 0.0 -51 0 28 0.0 -51 0 28 0.0 -51 0 28 0.0 -51 0 28 0.0 -51 0 28 0.0 -50 0 29 0.0 -50 0 28 0.0 -50 0 29 0.0 -50 0 29 0.0 -50 0 29 0.0 