RSRP (dB) | MCS | SINR (dB) | DL Brate (bps) | BLER (%)
--------------------------------------------------------------------------
-60 1 8 1.7M 1 
-60 2 7 2.3M 0 
-57 5 8 4.3M 0 
-59 6 7 4.9M 3 
-60 6 7 4.9M 4 
-60 6 7 4.7M 5 
-58 6 7 4.8M 4 
-56 6 8 4.9M 4 
-58 6 8 5.0M 3 
-58 6 8 4.7M 4 
-57 6 8 4.9M 4 
-58 6 8 4.9M 4 
-59 6 7 4.9M 3 
-58 6 8 4.5M 4 
-59 6 8 5.0M 4 
-58 6 8 4.6M 4 
-59 6 7 5.0M 3 
-59 6 7 4.9M 5 
-59 6 7 4.8M 5 
-59 6 7 4.8M 4 
-60 6 7 4.7M 4 
-59 6 7 4.8M 5 
-59 6 7 4.8M 5 
-59 5 7 4.3M 4 
-59 5 7 4.5M 4 
-58 6 8 4.6M 7 
-60 5 7 4.4M 0 
-60 6 7 4.7M 4 
-59 6 7 5.0M 4 
-58 6 8 4.8M 5 
-58 6 8 4.7M 5 
-58 6 8 4.6M 4 
-58 6 8 4.9M 4 
-59 6 7 4.7M 5 
-59 6 7 4.7M 4 
-58 6 8 4.8M 4 
-59 6 7 4.9M 4 
-60 6 7 4.5M 5 
-60 6 7 4.7M 4 
-59 6 7 4.8M 5 
-60 6 7 4.8M 4 
-60 6 7 4.7M 4 
-59 6 7 4.8M 4 
-58 6 8 5.0M 4 
-58 6 8 4.8M 4 
-58 5 7 4.4M 4 
-58 6 7 4.6M 4 
-58 6 8 5.1M 4 
-58 6 8 5.0M 4 
-58 6 8 4.8M 4 
-59 6 7 4.7M 5 
-60 6 7 4.9M 4 
-59 6 7 4.7M 4 
-58 6 7 4.9M 5 
-58 6 7 4.8M 4 
-58 6 8 4.8M 4 
-57 6 8 4.9M 4 
-57 6 8 4.9M 4 
-58 6 7 4.7M 4 
-58 6 8 4.7M 3 
-51 6 23 1.5M 2 
-48 0 30 0.0 -48 0 30 0.0 