RSRP (dB) | MCS | SINR (dB) | DL Brate (bps) | BLER (%)
--------------------------------------------------------------------------
-63 2 7 1.9M 0 
-63 3 7 2.8M 0 
-63 4 7 3.9M 1 
-63 5 7 4.2M 4 
-63 4 7 3.7M 6 
-63 5 7 4.1M 2 
-64 5 7 4.1M 4 
-64 5 7 4.2M 4 
-63 5 7 3.9M 5 
-63 5 7 4.3M 1 
-63 6 7 4.9M 4 
-63 6 7 5.1M 4 
-63 6 7 5.1M 5 
-63 6 7 4.8M 4 
-63 6 7 5.1M 4 
-63 6 7 4.9M 4 
-63 6 7 5.0M 5 
-63 6 7 5.3M 4 
-63 6 7 5.3M 3 
-63 6 7 4.8M 4 
-63 5 7 4.6M 5 
-63 5 7 4.6M 4 
-63 6 7 5.1M 4 
-63 5 7 4.5M 3 
-63 6 7 5.1M 4 
-63 6 7 5.3M 3 
-63 6 7 4.8M 6 
-63 6 7 4.7M 5 
-63 6 7 4.8M 4 
-63 6 7 5.0M 5 
-63 6 7 5.0M 4 
-63 6 7 5.1M 4 
-63 6 7 5.1M 3 
-63 6 7 4.7M 5 
-63 6 7 5.0M 3 
-63 5 7 4.0M 4 
-63 5 7 4.6M 4 
-63 5 7 4.8M 3 
-63 6 7 5.0M 5 
-63 5 7 4.5M 5 
-63 5 7 4.6M 4 
-63 5 7 4.4M 4 
-63 5 7 4.1M 4 
-63 5 7 4.1M 4 
-63 5 7 4.1M 4 
-63 5 7 4.3M 4 
-63 5 7 4.4M 4 
-63 5 7 4.3M 5 
-63 6 7 4.8M 3 
-63 5 7 4.7M 4 
-63 5 7 4.1M 4 
-63 5 7 4.2M 4 
-63 5 7 4.5M 5 
-63 5 7 4.6M 3 
-63 5 7 4.6M 5 
-63 5 7 4.4M 4 
-63 5 7 4.4M 3 
-63 5 7 4.3M 5 
-63 5 7 4.3M 5 
-63 5 7 4.4M 4 
-62 5 10 3.8M 4 
-51 0 28 0.0 