RSRP (dB) | MCS | SINR (dB) | DL Brate (bps) | BLER (%)
--------------------------------------------------------------------------
-59 0 7 1.5M 0 
-58 2 7 2.3M 0 
-59 4 7 3.6M 0 
-58 5 7 4.5M 3 
-58 6 7 4.6M 4 
-59 5 7 4.4M 4 
-60 6 7 4.7M 4 
-59 6 7 4.7M 5 
-58 6 8 4.8M 4 
-59 6 7 4.6M 5 
-58 6 7 4.6M 4 
-59 6 7 4.9M 5 
-59 5 7 4.5M 4 
-59 5 7 4.4M 4 
-59 6 7 4.7M 4 
-59 6 7 4.7M 5 
-59 5 7 4.5M 4 
-59 6 7 5.2M 4 
-59 5 7 4.4M 5 
-59 6 7 4.9M 5 
-59 5 7 4.4M 4 
-59 6 7 4.8M 4 
-59 6 7 4.8M 5 
-59 5 7 4.5M 5 
-59 6 7 4.7M 4 
-59 5 7 4.5M 4 
-60 5 7 4.6M 3 
-59 6 7 4.7M 5 
-60 5 7 4.4M 4 
-58 6 7 4.8M 4 
-58 6 7 4.7M 4 
-60 5 7 4.5M 4 
-59 6 7 4.6M 5 
-59 6 7 4.8M 4 
-59 6 7 4.6M 5 
-59 6 7 4.6M 5 
-59 6 7 4.4M 7 
-60 5 7 4.4M 1 
-59 6 7 4.9M 5 
-59 6 7 4.7M 5 
-60 5 7 4.5M 4 
-59 6 7 4.6M 4 
-59 6 7 4.8M 5 
-59 5 7 4.4M 5 
-60 5 7 4.5M 4 
-59 5 7 4.3M 4 
-59 6 7 4.5M 4 
-59 6 7 4.6M 5 
-59 6 7 4.8M 4 
-59 6 7 4.9M 4 
-59 6 7 4.7M 5 
-59 5 7 4.4M 5 
-59 6 7 4.5M 5 
-59 5 7 4.5M 4 
-59 6 7 4.7M 4 
-59 6 7 4.6M 5 
-59 6 7 4.6M 4 
-59 6 7 4.6M 4 
-59 6 7 4.7M 5 
-59 6 7 4.7M 4 
-53 6 21 1.8M 4 
-49 0 31 0.0 -49 0 31 0.0 -49 0 31 0.0 -48 0 30 0.0 -49 0 30 0.0 -49 0 31 0.0 -49 0 30 0.0 -49 0 31 0.0 -49 0 31 0.0 -49 0 31 0.0 -49 0 31 0.0 -49 0 31 0.0 -49 0 31 0.0 -49 0 31 0.0 -49 0 31 0.0 -49 0 31 0.0 -49 0 30 0.0 -49 0 31 0.0 -49 0 31 0.0 -49 0 31 0.0 