RSRP (dB) | MCS | SINR (dB) | DL Brate (bps) | BLER (%)
--------------------------------------------------------------------------
-68 1 9 1.4M 6 
-68 2 9 1.3M 3 
-70 1 6 1.3M 0 
-70 0 6 1.3M 0 
-70 1 6 1.4M 2 
-70 1 6 1.3M 0 
-63 1 18 116k 0 
-60 1 22 4.2k 0 
-60 15 21 388k 47 
-62 14 18 851k 37 
-66 3 12 1.4M 8 
-67 1 7 1.2M 1 
-66 1 8 1.1M 2 
-65 1 9 1.0M 2 
-59 9 18 97k 0 
-65 0 10 951k 0 
-67 1 9 1.1M 3 
-67 0 10 1.1M 4 
-69 6 7 1.2M 0 
-64 4 13 864k 7 
-69 0 7 1.4M 3 
-67 4 9 1.1M 0 
-66 0 11 925k 0 
-69 0 6 1.3M 0 
-65 4 13 936k 7 
-66 2 11 1.2M 5 
-66 1 11 1.2M 2 
-69 4 8 1.2M 3 
-69 0 6 1.3M 0 
-69 0 7 1.2M 0 
-70 0 6 1.3M 0 
-70 0 6 1.4M 0 
-69 0 6 1.5M 0 
-69 0 6 1.5M 0 
-69 0 6 1.5M 0 
-68 0 7 1.3M 2 
-67 1 8 1.2M 4 
-66 2 11 1.2M 7 
-69 0 6 1.2M 0 
-65 15 11 785k 2 
-66 1 10 1.0M 4 
-66 11 10 1.1M 2 
-69 4 7 1.3M 0 
-69 2 7 1.2M 0 
-67 1 10 1.2M 3 
-68 0 7 1.3M 1 
-70 1 6 1.3M 0 
-70 0 6 1.4M 0 
-67 2 10 1.2M 8 
-69 0 6 1.3M 0 
-69 3 6 1.3M 0 
-68 0 7 1.3M 0 
-65 4 13 1.3M 12 
-67 2 11 1.5M 7 
-68 0 6 1.2M 0 
-64 4 11 915k 5 
-65 2 10 817k 3 
-67 2 9 1.2M 1 
-64 2 13 806k 10 
-59 4 18 5.6k 0 
-58 0 20 0.0 -58 0 22 0.0 