RSRP (dB) | MCS | SINR (dB) | DL Brate (bps) | BLER (%)
--------------------------------------------------------------------------
-60 3 7 2.8M 0 
-60 5 7 4.4M 0 
-60 6 7 5.4M 3 
-54 17 21 2.5M 40 
-59 2 8 2.0M 3 
-59 3 7 3.0M 0 
-60 5 7 4.5M 1 
-60 7 7 5.3M 5 
-60 6 7 5.3M 0 
-59 7 7 5.4M 6 
-60 6 7 5.4M 2 
-60 6 7 5.4M 3 
-60 7 7 5.3M 7 
-59 7 7 5.4M 6 
-60 6 7 5.2M 5 
-60 6 7 4.9M 4 
-60 6 7 4.8M 3 
-60 6 7 5.4M 2 
-60 7 7 5.3M 6 
-60 6 7 5.0M 5 
-59 6 7 5.1M 3 
-59 6 7 5.4M 3 
-59 6 7 5.2M 3 
-59 7 7 5.2M 6 
-59 6 7 5.1M 4 
-59 7 7 4.7M 8 
-60 4 7 4.0M 0 
-59 6 7 5.0M 3 
-60 6 7 5.1M 4 
-60 6 7 5.2M 4 
-60 6 7 5.2M 1 
-59 7 7 5.4M 4 
-59 7 7 5.4M 6 
-60 6 7 5.4M 2 
-59 6 7 5.4M 3 
-59 7 7 5.4M 4 
-60 7 7 5.3M 5 
-60 7 7 5.4M 3 
-59 6 7 5.4M 2 
-59 6 7 5.4M 3 
-59 7 7 5.3M 8 
-59 6 7 5.2M 4 
-60 7 7 5.4M 4 
-59 8 7 5.2M 7 
-60 5 7 4.5M 1 
-60 7 7 4.7M 8 
-60 5 7 4.4M 0 
-59 7 7 5.3M 5 
-60 6 7 5.4M 2 
-60 6 7 5.5M 1 
-60 7 7 5.4M 4 
-60 6 7 5.3M 5 
-60 7 7 5.4M 6 
-60 7 7 5.4M 4 
-60 6 7 5.4M 3 
-60 7 7 5.4M 5 
-59 7 7 5.4M 4 
-60 7 7 5.3M 5 
-61 7 7 4.8M 9 
-59 6 7 4.8M 2 
-51 7 27 838k 5 
-48 0 32 0.0 -49 0 32 0.0 