RSRP (dB) | MCS | SINR (dB) | DL Brate (bps) | BLER (%)
--------------------------------------------------------------------------
-53 0 29 0.0 -53 0 28 0.0 -53 0 28 0.0 -58 13 22 1.1M 36 
-64 2 11 1.8M 4 
-67 1 7 1.5M 0 
-65 1 7 1.8M 0 
-65 1 7 1.8M 0 
-65 1 7 1.7M 0 
-65 1 7 1.8M 0 
-65 1 7 1.8M 2 
-65 1 7 1.8M 0 
-66 1 7 1.8M 0 
-66 1 7 1.8M 0 
-65 1 7 1.7M 0 
-65 0 7 1.7M 0 
-66 0 7 1.7M 0 
-66 0 7 1.6M 0 
-66 0 7 1.5M 0 
-65 0 7 1.6M 0 
-66 0 7 1.6M 0 
-66 0 7 1.6M 0 
-65 1 7 1.8M 0 
-65 1 7 1.9M 0 
-66 0 7 1.6M 0 
-65 0 7 1.5M 0 
-66 0 7 1.6M 0 
-65 1 7 1.6M 0 
-66 0 7 1.6M 0 
-66 0 7 1.6M 0 
-66 0 7 1.6M 0 
-66 0 7 1.7M 0 
-66 0 7 1.7M 0 
-66 0 7 1.6M 0 
-65 1 7 1.7M 0 
-65 1 7 1.9M 0 
-65 1 7 1.9M 0 
-65 1 7 1.7M 2 
-65 1 7 1.7M 0 
-65 1 7 1.5M 5 
-65 1 7 1.4M 0 
-65 1 7 1.6M 0 
-65 1 7 1.7M 0 
-65 1 7 1.9M 0 
-65 1 7 1.7M 0 
-65 1 7 1.8M 0 
-65 1 7 1.8M 0 
-65 1 7 1.8M 0 
-65 1 7 1.8M 0 
-65 1 7 1.8M 0 
-65 1 7 1.8M 0 
-65 1 7 1.7M 0 
-65 0 7 1.7M 0 
-65 1 7 1.7M 0 
-66 1 7 1.9M 0 
-66 0 7 1.5M 0 
-66 0 7 1.6M 0 
-65 0 7 1.6M 0 
-65 0 7 1.6M 0 
-65 1 7 1.7M 0 
-65 1 7 1.8M 0 
-65 1 7 1.9M 0 
-65 1 7 1.9M 0 
-65 0 7 1.6M 0 
-65 1 7 1.7M 0 
-65 1 7 1.7M 0 
-65 0 7 1.7M 0 
-55 2 26 86k 0 
-54 0 28 0.0 