RSRP (dB) | MCS | SINR (dB) | DL Brate (bps) | BLER (%)
--------------------------------------------------------------------------
-76 0 5 1.2M 3 
-71 2 11 433k 6 
-74 1 9 239k 0 
-76 0 6 168k 0 
-75 0 8 128k 0 
-74 1 8 126k 0 
-73 0 9 188k 0 
-72 1 11 424k 15 
-71 1 11 481k 13 
-74 0 7 937k 2 
-71 0 10 419k 8 
-71 0 11 311k 4 
-70 1 11 690k 5 
-69 1 10 1.1M 3 
-72 0 6 1.3M 0 
-70 3 8 1.2M 3 
-72 0 5 1.3M 0 
-72 2 7 1.2M 3 
-73 0 6 1.2M 0 
-72 1 10 379k 5 
-71 3 11 874k 14 
-73 1 6 1.3M 0 
-73 0 5 1.2M 0 
-73 1 5 1.4M 0 
-73 0 5 1.6M 0 
-73 1 7 1.2M 5 
-70 1 7 1.3M 1 
-69 1 6 1.2M 0 
-63 2 7 2.2M 0 
-64 3 7 3.1M 0 
-62 5 7 4.1M 1 
-63 5 7 4.2M 2 
-64 5 7 4.5M 5 
-65 5 7 3.9M 5 
-64 5 7 4.3M 1 
-65 5 7 4.6M 2 
-64 5 7 4.4M 4 
-64 5 7 4.6M 3 
-64 6 7 5.2M 2 
-64 6 7 5.0M 2 
-64 5 7 4.6M 3 
-64 5 7 4.6M 3 
-63 5 7 4.6M 2 
-64 5 7 4.6M 2 
-64 5 7 4.7M 3 
-64 6 7 4.6M 4 
-64 6 7 5.1M 2 
-64 6 7 4.7M 6 
-64 5 7 4.6M 4 
-64 6 7 5.0M 4 
-64 6 7 5.1M 4 
-64 6 7 5.1M 4 
-64 6 7 4.7M 3 
-64 6 7 5.2M 3 
-64 6 7 5.0M 4 
-64 5 7 4.6M 3 
-63 6 7 4.7M 4 
-63 5 7 4.4M 5 
-64 5 7 4.6M 4 
-64 5 7 4.3M 4 
-61 5 13 2.8M 5 
-53 0 28 0.0 