RSRP (dB) | MCS | SINR (dB) | DL Brate (bps) | BLER (%)
--------------------------------------------------------------------------
-56 5 19 1.8M 6 
-60 0 7 1.5M 0 
-60 2 7 2.5M 0 
-61 4 7 4.0M 0 
-61 5 7 4.4M 2 
-61 5 7 4.2M 5 
-61 6 7 4.6M 4 
-61 5 7 4.4M 4 
-61 5 7 4.5M 3 
-61 6 7 4.7M 4 
-61 6 7 4.7M 4 
-61 6 7 4.7M 4 
-61 5 7 4.4M 2 
-61 6 7 4.6M 4 
-61 5 7 4.5M 4 
-61 5 7 4.4M 3 
-61 5 7 4.3M 3 
-62 5 7 4.5M 4 
-61 6 7 4.7M 5 
-61 5 7 4.5M 3 
-62 6 7 5.0M 5 
-61 5 7 4.5M 3 
-61 6 7 4.7M 5 
-61 5 7 4.6M 4 
-62 5 7 4.4M 3 
-61 5 7 4.3M 3 
-61 6 7 4.7M 5 
-61 5 7 4.5M 4 
-61 5 7 4.6M 3 
-62 5 7 4.4M 4 
-61 6 7 4.9M 4 
-61 5 7 4.6M 4 
-62 6 7 4.7M 5 
-62 5 7 4.5M 4 
-61 6 7 4.9M 4 
-62 5 7 4.5M 5 
-61 5 7 4.4M 4 
-61 5 7 4.5M 4 
-61 5 7 4.2M 5 
-61 5 7 4.0M 4 
-61 5 7 4.2M 4 
-61 5 7 4.4M 2 
-61 6 7 4.6M 4 
-62 5 7 4.5M 4 
-62 5 7 4.4M 5 
-61 5 7 4.7M 3 
-61 5 7 4.4M 5 
-61 5 7 4.6M 4 
-62 5 7 4.5M 4 
-61 6 7 4.8M 4 
-61 6 7 4.6M 5 
-61 6 7 4.7M 4 
-61 5 7 4.3M 5 
-61 7 7 4.0M 11 
-61 3 7 3.4M 0 
-62 5 7 4.2M 2 
-61 5 7 4.3M 3 
-61 5 7 4.4M 4 
-60 6 7 4.8M 4 
-61 5 7 4.4M 4 
-52 7 27 751k 7 
-49 0 31 0.0 