Filename: 0.txt

0RSRP (dB) | MCS | SINR (dB) | DL Brate (bps) | BLER (%)
--------------------------------------------------------------------------
-60 3 7 2.8M 0 
-60 5 7 4.4M 0 
-60 6 7 5.4M 3 
-54 17 21 2.5M 40 
-59 2 8 2.0M 3 
-59 3 7 3.0M 0 
-60 5 7 4.5M 1 
-60 7 7 5.3M 5 
-60 6 7 5.3M 0 
-59 7 7 5.4M 6 
-60 6 7 5.4M 2 
-60 6 7 5.4M 3 
-60 7 7 5.3M 7 
-59 7 7 5.4M 6 
-60 6 7 5.2M 5 
-60 6 7 4.9M 4 
-60 6 7 4.8M 3 
-60 6 7 5.4M 2 
-60 7 7 5.3M 6 
-60 6 7 5.0M 5 
-59 6 7 5.1M 3 
-59 6 7 5.4M 3 
-59 6 7 5.2M 3 
-59 7 7 5.2M 6 
-59 6 7 5.1M 4 
-59 7 7 4.7M 8 
-60 4 7 4.0M 0 
-59 6 7 5.0M 3 
-60 6 7 5.1M 4 
-60 6 7 5.2M 4 
-60 6 7 5.2M 1 
-59 7 7 5.4M 4 
-59 7 7 5.4M 6 
-60 6 7 5.4M 2 
-59 6 7 5.4M 3 
-59 7 7 5.4M 4 
-60 7 7 5.3M 5 
-60 7 7 5.4M 3 
-59 6 7 5.4M 2 
-59 6 7 5.4M 3 
-59 7 7 5.3M 8 
-59 6 7 5.2M 4 
-60 7 7 5.4M 4 
-59 8 7 5.2M 7 
-60 5 7 4.5M 1 
-60 7 7 4.7M 8 
-60 5 7 4.4M 0 
-59 7 7 5.3M 5 
-60 6 7 5.4M 2 
-60 6 7 5.5M 1 
-60 7 7 5.4M 4 
-60 6 7 5.3M 5 
-60 7 7 5.4M 6 
-60 7 7 5.4M 4 
-60 6 7 5.4M 3 
-60 7 7 5.4M 5 
-59 7 7 5.4M 4 
-60 7 7 5.3M 5 
-61 7 7 4.8M 9 
-59 6 7 4.8M 2 
-51 7 27 838k 5 
-48 0 32 0.0 -49 0 32 0.0 

--------------------------------------------------------------------------------

Filename: 2.txt

RSRP (dB) | MCS | SINR (dB) | DL Brate (bps) | BLER (%)
--------------------------------------------------------------------------
-56 5 19 1.8M 6 
-60 0 7 1.5M 0 
-60 2 7 2.5M 0 
-61 4 7 4.0M 0 
-61 5 7 4.4M 2 
-61 5 7 4.2M 5 
-61 6 7 4.6M 4 
-61 5 7 4.4M 4 
-61 5 7 4.5M 3 
-61 6 7 4.7M 4 
-61 6 7 4.7M 4 
-61 6 7 4.7M 4 
-61 5 7 4.4M 2 
-61 6 7 4.6M 4 
-61 5 7 4.5M 4 
-61 5 7 4.4M 3 
-61 5 7 4.3M 3 
-62 5 7 4.5M 4 
-61 6 7 4.7M 5 
-61 5 7 4.5M 3 
-62 6 7 5.0M 5 
-61 5 7 4.5M 3 
-61 6 7 4.7M 5 
-61 5 7 4.6M 4 
-62 5 7 4.4M 3 
-61 5 7 4.3M 3 
-61 6 7 4.7M 5 
-61 5 7 4.5M 4 
-61 5 7 4.6M 3 
-62 5 7 4.4M 4 
-61 6 7 4.9M 4 
-61 5 7 4.6M 4 
-62 6 7 4.7M 5 
-62 5 7 4.5M 4 
-61 6 7 4.9M 4 
-62 5 7 4.5M 5 
-61 5 7 4.4M 4 
-61 5 7 4.5M 4 
-61 5 7 4.2M 5 
-61 5 7 4.0M 4 
-61 5 7 4.2M 4 
-61 5 7 4.4M 2 
-61 6 7 4.6M 4 
-62 5 7 4.5M 4 
-62 5 7 4.4M 5 
-61 5 7 4.7M 3 
-61 5 7 4.4M 5 
-61 5 7 4.6M 4 
-62 5 7 4.5M 4 
-61 6 7 4.8M 4 
-61 6 7 4.6M 5 
-61 6 7 4.7M 4 
-61 5 7 4.3M 5 
-61 7 7 4.0M 11 
-61 3 7 3.4M 0 
-62 5 7 4.2M 2 
-61 5 7 4.3M 3 
-61 5 7 4.4M 4 
-60 6 7 4.8M 4 
-61 5 7 4.4M 4 
-52 7 27 751k 7 
-49 0 31 0.0 

--------------------------------------------------------------------------------

Filename: -2.txt

RSRP (dB) | MCS | SINR (dB) | DL Brate (bps) | BLER (%)
--------------------------------------------------------------------------
-60 0 7 1.5M 0 
-61 0 7 1.5M 0 
-59 0 7 1.5M 0 
-60 0 7 1.5M 0 
-60 0 7 1.6M 0 
-61 0 7 1.5M 0 
-61 0 7 1.6M 0 
-62 0 7 1.5M 0 
-61 0 7 1.4M 0 
-61 1 7 1.8M 0 
-61 1 7 1.7M 0 
-61 2 7 1.5M 4 
-61 0 7 1.4M 0 
-60 0 7 1.5M 0 
-61 0 7 1.4M 0 
-61 0 7 1.5M 0 
-61 0 7 1.6M 0 
-61 0 7 1.5M 0 
-61 0 7 1.4M 0 
-60 0 7 1.5M 0 
-61 0 7 1.6M 0 
-61 0 7 1.5M 0 
-61 0 7 1.6M 0 
-61 1 7 1.5M 5 
-61 0 7 1.4M 0 
-60 0 7 1.6M 0 
-61 0 7 1.6M 0 
-61 0 7 1.6M 0 
-61 0 7 1.6M 0 
-61 0 7 1.6M 0 
-60 0 7 1.6M 0 
-61 0 7 1.6M 0 
-61 0 7 1.6M 0 
-61 0 7 1.6M 0 
-61 0 7 1.5M 0 
-61 0 7 1.5M 0 
-60 0 7 1.6M 0 
-61 0 7 1.6M 0 
-61 0 7 1.6M 0 
-61 1 7 1.6M 4 
-61 1 7 1.4M 0 
-61 1 7 1.4M 0 
-61 0 7 1.5M 0 
-62 0 7 1.5M 0 
-61 0 7 1.6M 0 
-61 1 7 1.7M 0 
-61 0 7 1.6M 0 
-61 0 7 1.5M 0 
-61 0 7 1.6M 0 
-61 0 7 1.4M 0 
-61 0 7 1.5M 0 
-61 0 7 1.6M 0 
-60 1 7 1.7M 0 
-60 0 7 1.6M 0 
-61 0 7 1.6M 0 
-60 1 7 1.7M 0 
-61 0 7 1.5M 0 
-60 0 7 1.5M 0 
-60 0 7 1.6M 0 
-60 0 7 1.6M 0 
-60 0 7 1.5M 0 
-61 0 7 1.5M 0 
-61 0 7 1.5M 0 
-56 0 17 767k 0 
-49 0 30 0.0 

--------------------------------------------------------------------------------

Filename: 4.txt

RSRP (dB) | MCS | SINR (dB) | DL Brate (bps) | BLER (%)
--------------------------------------------------------------------------
-64 4 7 3.7M 0 
-64 6 7 5.1M 1 
-64 6 7 5.4M 1 
-64 7 7 5.4M 5 
-64 7 7 5.4M 5 
-64 6 7 5.4M 3 
-64 7 7 5.4M 4 
-64 7 7 5.4M 4 
-64 6 7 5.4M 4 
-64 7 7 5.4M 5 
-64 7 7 5.4M 4 
-64 7 7 5.4M 5 
-64 6 7 5.0M 4 
-64 6 7 5.5M 1 
-64 7 7 5.4M 5 
-64 7 7 5.4M 4 
-64 6 7 5.5M 0 
-64 7 7 5.4M 4 
-64 6 7 5.4M 4 
-64 6 7 5.4M 4 
-64 7 7 5.3M 5 
-64 6 7 5.4M 3 
-64 6 7 5.4M 4 
-64 7 7 5.4M 4 
-64 6 7 5.4M 4 
-64 7 7 5.2M 7 
-64 6 7 4.9M 5 
-64 6 7 5.4M 1 
-64 6 7 5.4M 1 
-64 6 7 5.4M 4 
-64 7 7 5.4M 4 
-64 7 7 5.3M 5 
-63 6 7 5.4M 2 
-64 7 7 5.4M 4 
-64 7 7 5.3M 7 
-64 6 7 5.4M 2 
-64 6 7 5.4M 3 
-64 6 7 5.4M 4 
-64 7 7 5.4M 5 
-64 6 7 5.4M 4 
-64 7 7 5.4M 4 
-63 6 7 5.4M 4 
-64 7 7 5.4M 4 
-64 6 7 5.4M 3 
-64 7 7 5.4M 4 
-64 7 7 5.3M 7 
-64 7 7 5.2M 6 
-64 5 7 4.8M 2 
-64 6 7 5.4M 3 
-64 6 7 5.5M 1 
-64 7 7 5.4M 4 
-64 7 7 5.4M 4 
-64 7 7 5.3M 6 
-64 6 7 4.5M 7 
-64 6 7 4.9M 0 
-64 6 7 5.4M 3 
-64 6 7 5.4M 3 
-64 7 7 5.4M 5 
-64 6 7 5.4M 3 
-64 7 7 5.3M 5 
-54 6 26 439k 1 


--------------------------------------------------------------------------------

Filename: -4.txt

RSRP (dB) | MCS | SINR (dB) | DL Brate (bps) | BLER (%)
--------------------------------------------------------------------------
-59 2 14 2.0M 3 
-62 1 7 2.0M 0 
-61 3 7 3.3M 0 
-62 5 7 4.3M 2 
-61 6 7 4.8M 4 
-61 6 7 4.7M 4 
-61 5 7 4.4M 5 
-61 6 7 4.7M 5 
-61 5 7 4.5M 3 
-61 6 7 4.8M 5 
-62 5 7 4.5M 4 
-62 6 7 4.7M 4 
-62 6 7 4.6M 4 
-61 6 7 4.6M 4 
-61 6 7 4.9M 3 
-61 5 7 4.5M 3 
-61 6 7 4.9M 4 
-61 5 7 4.6M 4 
-61 6 7 4.8M 4 
-61 5 7 4.3M 5 
-62 6 7 4.9M 4 
-62 6 7 4.8M 4 
-61 6 7 4.7M 4 
-61 6 7 4.8M 5 
-61 6 7 5.2M 4 
-61 6 7 4.7M 5 
-62 6 7 4.8M 4 
-61 5 7 4.4M 5 
-61 6 7 4.6M 4 
-61 5 7 4.3M 4 
-61 6 7 4.8M 4 
-61 6 7 4.7M 4 
-61 6 7 4.7M 4 
-61 6 7 4.9M 4 
-61 6 7 4.7M 5 
-61 6 7 4.9M 5 
-61 6 7 4.7M 5 
-61 5 7 4.0M 3 
-61 6 7 4.7M 4 
-61 6 7 4.7M 5 
-61 6 7 5.0M 3 
-61 6 7 4.9M 5 
-61 6 7 4.6M 4 
-62 6 7 4.6M 5 
-61 6 7 4.7M 4 
-61 6 7 5.0M 4 
-61 6 7 5.0M 4 
-61 5 7 4.5M 4 
-61 6 7 5.1M 3 
-61 6 7 4.6M 5 
-61 6 7 4.8M 4 
-62 6 7 4.8M 5 
-61 5 7 4.4M 3 
-61 5 7 4.4M 5 
-61 5 7 4.6M 3 
-61 6 7 4.8M 4 
-61 5 7 4.5M 5 
-61 6 7 4.5M 4 
-60 6 7 4.6M 4 
-61 5 7 4.5M 3 
-54 6 22 1.7M 4 
-50 0 30 0.0 -50 0 30 0.0 

--------------------------------------------------------------------------------

Filename: 6.txt

RSRP (dB) | MCS | SINR (dB) | DL Brate (bps) | BLER (%)
--------------------------------------------------------------------------
-62 3 7 3.0M 0 
-63 5 7 4.3M 1 
-63 6 7 4.9M 4 
-63 6 7 5.1M 5 
-64 6 7 5.0M 4 
-64 6 7 5.1M 3 
-64 7 7 5.4M 5 
-64 6 7 5.0M 6 
-64 6 7 5.1M 4 
-64 6 7 5.1M 5 
-64 6 7 4.8M 4 
-63 6 7 4.9M 5 
-63 5 7 4.5M 3 
-63 6 7 5.0M 4 
-63 6 7 4.9M 5 
-63 5 7 4.5M 3 
-63 6 7 4.8M 4 
-63 6 7 4.8M 4 
-63 6 7 5.0M 3 
-63 6 7 4.7M 6 
-63 6 7 5.0M 4 
-63 5 7 4.7M 2 
-63 6 7 5.4M 0 
-63 7 7 5.3M 6 
-64 6 7 4.8M 6 
-64 6 7 5.2M 3 
-63 6 7 4.4M 6 
-63 6 7 5.1M 3 
-63 6 7 4.9M 5 
-63 6 7 5.0M 5 
-63 6 7 4.7M 5 
-64 6 7 4.7M 4 
-64 6 7 4.8M 4 
-63 6 7 4.7M 4 
-63 6 7 5.2M 4 
-63 6 7 5.1M 4 
-63 6 7 5.0M 5 
-63 6 7 5.0M 2 
-63 5 7 4.7M 2 
-63 7 7 5.3M 6 
-63 6 7 4.7M 4 
-63 6 7 5.0M 4 
-63 6 7 4.8M 5 
-63 6 7 4.8M 3 
-62 6 7 4.6M 5 
-63 6 7 4.7M 4 
-63 6 7 5.3M 4 
-63 6 7 5.1M 5 
-63 6 7 4.8M 4 
-63 5 7 4.3M 3 
-63 6 7 4.8M 4 
-63 6 7 5.5M 2 
-63 6 7 5.0M 7 
-62 7 7 4.5M 9 
-63 5 7 4.3M 0 
-63 6 7 5.0M 3 
-63 6 7 4.9M 5 
-63 6 7 4.7M 4 
-63 6 7 5.2M 2 
-63 6 7 5.1M 6 
-53 5 28 161k 0 
-52 0 30 0.0 -51 0 30 0.0 

--------------------------------------------------------------------------------

Filename: -6.txt

RSRP (dB) | MCS | SINR (dB) | DL Brate (bps) | BLER (%)
--------------------------------------------------------------------------
-66 1 7 1.9M 0 
-66 3 7 3.1M 0 
-65 5 7 4.5M 1 
-65 6 7 5.2M 4 
-65 6 7 5.0M 3 
-65 5 7 4.6M 5 
-64 6 7 5.4M 3 
-65 6 7 4.8M 5 
-65 6 7 5.3M 1 
-65 7 7 5.3M 6 
-65 6 7 5.2M 5 
-64 6 7 4.7M 3 
-64 6 7 4.9M 3 
-64 6 7 4.6M 5 
-64 6 7 5.0M 4 
-64 6 7 5.1M 2 
-64 6 7 4.8M 5 
-64 6 7 5.1M 2 
-64 6 7 5.2M 5 
-64 6 7 4.9M 5 
-64 6 7 4.8M 4 
-64 6 7 4.9M 2 
-66 6 7 5.3M 4 
-66 6 7 5.0M 5 
-66 6 7 5.3M 2 
-65 7 7 5.3M 5 
-65 6 7 4.8M 3 
-65 6 7 5.2M 4 
-65 6 7 5.1M 4 
-66 6 7 5.1M 3 
-66 6 7 5.2M 4 
-65 6 7 5.2M 2 
-66 6 7 5.4M 3 
-64 6 7 5.1M 7 
-66 6 7 5.4M 2 
-66 6 7 4.5M 7 
-66 6 7 4.7M 4 
-65 5 7 4.6M 4 
-66 6 7 5.2M 3 
-66 5 7 3.7M 7 
-65 5 7 4.5M 1 
-65 6 7 4.8M 4 
-65 6 7 5.5M 1 
-66 6 7 5.4M 3 
-66 7 7 5.2M 8 
-66 6 7 5.4M 2 
-65 6 7 5.2M 5 
-65 6 7 5.1M 7 
-66 6 7 5.2M 2 
-66 7 7 5.3M 6 
-65 6 7 4.9M 4 
-65 6 7 5.1M 2 
-65 6 7 5.2M 4 
-66 6 7 5.3M 3 
-66 6 7 5.2M 6 
-66 6 7 4.9M 5 
-66 6 7 4.8M 3 
-66 6 7 5.1M 4 
-67 6 7 5.1M 5 
-66 6 10 4.2M 3 
-53 0 28 0.0 -54 0 27 0.0 -54 0 28 0.0 -56 0 26 0.0 -53 0 28 0.0 -55 0 27 0.0 -54 0 27 0.0 -55 0 27 0.0 -54 0 28 0.0 -53 0 28 0.0 -54 0 27 0.0 -53 0 28 0.0 

--------------------------------------------------------------------------------

Filename: 8.txt

RSRP (dB) | MCS | SINR (dB) | DL Brate (bps) | BLER (%)
--------------------------------------------------------------------------
-67 1 7 2.0M 0 
-67 4 7 3.6M 0 
-67 6 7 5.0M 2 
-67 6 7 5.4M 2 
-67 6 7 5.4M 2 
-65 10 11 3.4M 22 
-65 2 10 1.8M 6 
-65 2 7 2.2M 0 
-66 4 7 3.9M 0 
-67 5 7 4.7M 3 
-66 6 7 5.4M 1 
-63 11 14 2.9M 27 
-67 1 7 1.8M 2 
-66 2 7 2.5M 0 
-67 4 7 3.9M 0 
-67 6 7 5.3M 3 
-66 6 7 5.4M 2 
-67 6 7 5.3M 3 
-67 6 7 5.2M 6 
-68 6 6 5.0M 5 
-67 5 7 4.4M 3 
-67 5 7 4.7M 4 
-67 5 7 4.4M 4 
-67 5 7 4.4M 4 
-67 4 7 3.9M 0 
-67 5 7 4.4M 0 
-67 6 7 5.2M 3 
-67 6 7 5.3M 2 
-67 5 7 4.7M 1 
-67 6 7 5.1M 3 
-67 6 7 5.2M 4 
-68 6 7 5.3M 4 
-67 6 7 4.9M 3 
-67 6 7 4.9M 4 
-67 5 7 3.7M 6 
-68 4 7 3.9M 0 
-67 6 7 5.0M 4 
-67 6 7 5.2M 4 
-68 6 7 5.3M 3 
-67 6 7 5.4M 3 
-67 6 7 5.3M 3 
-67 6 7 4.5M 8 
-67 6 7 4.8M 2 
-67 6 7 5.4M 3 
-67 6 7 5.2M 5 
-67 6 7 4.9M 6 
-67 4 7 3.9M 3 
-67 6 7 4.8M 3 
-67 5 7 4.2M 4 
-67 6 7 4.9M 2 
-67 6 7 5.4M 2 
-67 6 7 5.3M 3 
-67 6 7 5.0M 6 
-67 5 7 3.4M 7 
-67 4 7 3.9M 0 
-67 6 7 5.0M 3 
-67 6 7 5.4M 2 
-67 6 7 5.1M 6 
-67 6 7 5.0M 2 
-67 6 7 5.3M 3 
-56 14 26 2.5k 0 
-56 0 26 0.0 

--------------------------------------------------------------------------------

Filename: -8.txt

RSRP (dB) | MCS | SINR (dB) | DL Brate (bps) | BLER (%)
--------------------------------------------------------------------------
-68 1 9 1.4M 6 
-68 2 9 1.3M 3 
-70 1 6 1.3M 0 
-70 0 6 1.3M 0 
-70 1 6 1.4M 2 
-70 1 6 1.3M 0 
-63 1 18 116k 0 
-60 1 22 4.2k 0 
-60 15 21 388k 47 
-62 14 18 851k 37 
-66 3 12 1.4M 8 
-67 1 7 1.2M 1 
-66 1 8 1.1M 2 
-65 1 9 1.0M 2 
-59 9 18 97k 0 
-65 0 10 951k 0 
-67 1 9 1.1M 3 
-67 0 10 1.1M 4 
-69 6 7 1.2M 0 
-64 4 13 864k 7 
-69 0 7 1.4M 3 
-67 4 9 1.1M 0 
-66 0 11 925k 0 
-69 0 6 1.3M 0 
-65 4 13 936k 7 
-66 2 11 1.2M 5 
-66 1 11 1.2M 2 
-69 4 8 1.2M 3 
-69 0 6 1.3M 0 
-69 0 7 1.2M 0 
-70 0 6 1.3M 0 
-70 0 6 1.4M 0 
-69 0 6 1.5M 0 
-69 0 6 1.5M 0 
-69 0 6 1.5M 0 
-68 0 7 1.3M 2 
-67 1 8 1.2M 4 
-66 2 11 1.2M 7 
-69 0 6 1.2M 0 
-65 15 11 785k 2 
-66 1 10 1.0M 4 
-66 11 10 1.1M 2 
-69 4 7 1.3M 0 
-69 2 7 1.2M 0 
-67 1 10 1.2M 3 
-68 0 7 1.3M 1 
-70 1 6 1.3M 0 
-70 0 6 1.4M 0 
-67 2 10 1.2M 8 
-69 0 6 1.3M 0 
-69 3 6 1.3M 0 
-68 0 7 1.3M 0 
-65 4 13 1.3M 12 
-67 2 11 1.5M 7 
-68 0 6 1.2M 0 
-64 4 11 915k 5 
-65 2 10 817k 3 
-67 2 9 1.2M 1 
-64 2 13 806k 10 
-59 4 18 5.6k 0 
-58 0 20 0.0 -58 0 22 0.0 

--------------------------------------------------------------------------------

Filename: 10.txt

RSRP (dB) | MCS | SINR (dB) | DL Brate (bps) | BLER (%)
--------------------------------------------------------------------------
-53 0 29 0.0 -53 0 28 0.0 -53 0 28 0.0 -58 13 22 1.1M 36 
-64 2 11 1.8M 4 
-67 1 7 1.5M 0 
-65 1 7 1.8M 0 
-65 1 7 1.8M 0 
-65 1 7 1.7M 0 
-65 1 7 1.8M 0 
-65 1 7 1.8M 2 
-65 1 7 1.8M 0 
-66 1 7 1.8M 0 
-66 1 7 1.8M 0 
-65 1 7 1.7M 0 
-65 0 7 1.7M 0 
-66 0 7 1.7M 0 
-66 0 7 1.6M 0 
-66 0 7 1.5M 0 
-65 0 7 1.6M 0 
-66 0 7 1.6M 0 
-66 0 7 1.6M 0 
-65 1 7 1.8M 0 
-65 1 7 1.9M 0 
-66 0 7 1.6M 0 
-65 0 7 1.5M 0 
-66 0 7 1.6M 0 
-65 1 7 1.6M 0 
-66 0 7 1.6M 0 
-66 0 7 1.6M 0 
-66 0 7 1.6M 0 
-66 0 7 1.7M 0 
-66 0 7 1.7M 0 
-66 0 7 1.6M 0 
-65 1 7 1.7M 0 
-65 1 7 1.9M 0 
-65 1 7 1.9M 0 
-65 1 7 1.7M 2 
-65 1 7 1.7M 0 
-65 1 7 1.5M 5 
-65 1 7 1.4M 0 
-65 1 7 1.6M 0 
-65 1 7 1.7M 0 
-65 1 7 1.9M 0 
-65 1 7 1.7M 0 
-65 1 7 1.8M 0 
-65 1 7 1.8M 0 
-65 1 7 1.8M 0 
-65 1 7 1.8M 0 
-65 1 7 1.8M 0 
-65 1 7 1.8M 0 
-65 1 7 1.7M 0 
-65 0 7 1.7M 0 
-65 1 7 1.7M 0 
-66 1 7 1.9M 0 
-66 0 7 1.5M 0 
-66 0 7 1.6M 0 
-65 0 7 1.6M 0 
-65 0 7 1.6M 0 
-65 1 7 1.7M 0 
-65 1 7 1.8M 0 
-65 1 7 1.9M 0 
-65 1 7 1.9M 0 
-65 0 7 1.6M 0 
-65 1 7 1.7M 0 
-65 1 7 1.7M 0 
-65 0 7 1.7M 0 
-55 2 26 86k 0 
-54 0 28 0.0 

--------------------------------------------------------------------------------

Filename: -10.txt

RSRP (dB) | MCS | SINR (dB) | DL Brate (bps) | BLER (%)
--------------------------------------------------------------------------
-63 2 7 1.9M 0 
-63 3 7 2.8M 0 
-63 4 7 3.9M 1 
-63 5 7 4.2M 4 
-63 4 7 3.7M 6 
-63 5 7 4.1M 2 
-64 5 7 4.1M 4 
-64 5 7 4.2M 4 
-63 5 7 3.9M 5 
-63 5 7 4.3M 1 
-63 6 7 4.9M 4 
-63 6 7 5.1M 4 
-63 6 7 5.1M 5 
-63 6 7 4.8M 4 
-63 6 7 5.1M 4 
-63 6 7 4.9M 4 
-63 6 7 5.0M 5 
-63 6 7 5.3M 4 
-63 6 7 5.3M 3 
-63 6 7 4.8M 4 
-63 5 7 4.6M 5 
-63 5 7 4.6M 4 
-63 6 7 5.1M 4 
-63 5 7 4.5M 3 
-63 6 7 5.1M 4 
-63 6 7 5.3M 3 
-63 6 7 4.8M 6 
-63 6 7 4.7M 5 
-63 6 7 4.8M 4 
-63 6 7 5.0M 5 
-63 6 7 5.0M 4 
-63 6 7 5.1M 4 
-63 6 7 5.1M 3 
-63 6 7 4.7M 5 
-63 6 7 5.0M 3 
-63 5 7 4.0M 4 
-63 5 7 4.6M 4 
-63 5 7 4.8M 3 
-63 6 7 5.0M 5 
-63 5 7 4.5M 5 
-63 5 7 4.6M 4 
-63 5 7 4.4M 4 
-63 5 7 4.1M 4 
-63 5 7 4.1M 4 
-63 5 7 4.1M 4 
-63 5 7 4.3M 4 
-63 5 7 4.4M 4 
-63 5 7 4.3M 5 
-63 6 7 4.8M 3 
-63 5 7 4.7M 4 
-63 5 7 4.1M 4 
-63 5 7 4.2M 4 
-63 5 7 4.5M 5 
-63 5 7 4.6M 3 
-63 5 7 4.6M 5 
-63 5 7 4.4M 4 
-63 5 7 4.4M 3 
-63 5 7 4.3M 5 
-63 5 7 4.3M 5 
-63 5 7 4.4M 4 
-62 5 10 3.8M 4 
-51 0 28 0.0 

--------------------------------------------------------------------------------

Filename: 12.txt

RSRP (dB) | MCS | SINR (dB) | DL Brate (bps) | BLER (%)
--------------------------------------------------------------------------
-76 0 5 1.2M 3 
-71 2 11 433k 6 
-74 1 9 239k 0 
-76 0 6 168k 0 
-75 0 8 128k 0 
-74 1 8 126k 0 
-73 0 9 188k 0 
-72 1 11 424k 15 
-71 1 11 481k 13 
-74 0 7 937k 2 
-71 0 10 419k 8 
-71 0 11 311k 4 
-70 1 11 690k 5 
-69 1 10 1.1M 3 
-72 0 6 1.3M 0 
-70 3 8 1.2M 3 
-72 0 5 1.3M 0 
-72 2 7 1.2M 3 
-73 0 6 1.2M 0 
-72 1 10 379k 5 
-71 3 11 874k 14 
-73 1 6 1.3M 0 
-73 0 5 1.2M 0 
-73 1 5 1.4M 0 
-73 0 5 1.6M 0 
-73 1 7 1.2M 5 
-70 1 7 1.3M 1 
-69 1 6 1.2M 0 
-63 2 7 2.2M 0 
-64 3 7 3.1M 0 
-62 5 7 4.1M 1 
-63 5 7 4.2M 2 
-64 5 7 4.5M 5 
-65 5 7 3.9M 5 
-64 5 7 4.3M 1 
-65 5 7 4.6M 2 
-64 5 7 4.4M 4 
-64 5 7 4.6M 3 
-64 6 7 5.2M 2 
-64 6 7 5.0M 2 
-64 5 7 4.6M 3 
-64 5 7 4.6M 3 
-63 5 7 4.6M 2 
-64 5 7 4.6M 2 
-64 5 7 4.7M 3 
-64 6 7 4.6M 4 
-64 6 7 5.1M 2 
-64 6 7 4.7M 6 
-64 5 7 4.6M 4 
-64 6 7 5.0M 4 
-64 6 7 5.1M 4 
-64 6 7 5.1M 4 
-64 6 7 4.7M 3 
-64 6 7 5.2M 3 
-64 6 7 5.0M 4 
-64 5 7 4.6M 3 
-63 6 7 4.7M 4 
-63 5 7 4.4M 5 
-64 5 7 4.6M 4 
-64 5 7 4.3M 4 
-61 5 13 2.8M 5 
-53 0 28 0.0 

--------------------------------------------------------------------------------

Filename: -12.txt

RSRP (dB) | MCS | SINR (dB) | DL Brate (bps) | BLER (%)
--------------------------------------------------------------------------
-59 0 7 1.5M 0 
-58 2 7 2.3M 0 
-59 4 7 3.6M 0 
-58 5 7 4.5M 3 
-58 6 7 4.6M 4 
-59 5 7 4.4M 4 
-60 6 7 4.7M 4 
-59 6 7 4.7M 5 
-58 6 8 4.8M 4 
-59 6 7 4.6M 5 
-58 6 7 4.6M 4 
-59 6 7 4.9M 5 
-59 5 7 4.5M 4 
-59 5 7 4.4M 4 
-59 6 7 4.7M 4 
-59 6 7 4.7M 5 
-59 5 7 4.5M 4 
-59 6 7 5.2M 4 
-59 5 7 4.4M 5 
-59 6 7 4.9M 5 
-59 5 7 4.4M 4 
-59 6 7 4.8M 4 
-59 6 7 4.8M 5 
-59 5 7 4.5M 5 
-59 6 7 4.7M 4 
-59 5 7 4.5M 4 
-60 5 7 4.6M 3 
-59 6 7 4.7M 5 
-60 5 7 4.4M 4 
-58 6 7 4.8M 4 
-58 6 7 4.7M 4 
-60 5 7 4.5M 4 
-59 6 7 4.6M 5 
-59 6 7 4.8M 4 
-59 6 7 4.6M 5 
-59 6 7 4.6M 5 
-59 6 7 4.4M 7 
-60 5 7 4.4M 1 
-59 6 7 4.9M 5 
-59 6 7 4.7M 5 
-60 5 7 4.5M 4 
-59 6 7 4.6M 4 
-59 6 7 4.8M 5 
-59 5 7 4.4M 5 
-60 5 7 4.5M 4 
-59 5 7 4.3M 4 
-59 6 7 4.5M 4 
-59 6 7 4.6M 5 
-59 6 7 4.8M 4 
-59 6 7 4.9M 4 
-59 6 7 4.7M 5 
-59 5 7 4.4M 5 
-59 6 7 4.5M 5 
-59 5 7 4.5M 4 
-59 6 7 4.7M 4 
-59 6 7 4.6M 5 
-59 6 7 4.6M 4 
-59 6 7 4.6M 4 
-59 6 7 4.7M 5 
-59 6 7 4.7M 4 
-53 6 21 1.8M 4 
-49 0 31 0.0 -49 0 31 0.0 -49 0 31 0.0 -48 0 30 0.0 -49 0 30 0.0 -49 0 31 0.0 -49 0 30 0.0 -49 0 31 0.0 -49 0 31 0.0 -49 0 31 0.0 -49 0 31 0.0 -49 0 31 0.0 -49 0 31 0.0 -49 0 31 0.0 -49 0 31 0.0 -49 0 31 0.0 -49 0 30 0.0 -49 0 31 0.0 -49 0 31 0.0 -49 0 31 0.0 

--------------------------------------------------------------------------------

