RSRP (dB) | MCS | SINR (dB) | DL Brate (bps) | BLER (%)
--------------------------------------------------------------------------
-57 10 20 1.7M 25 
-62 0 7 1.3M 0 
-62 0 7 1.3M 0 
-63 2 7 2.0M 0 
-63 3 7 3.3M 0 
-64 4 7 3.9M 1 
-63 6 7 5.0M 2 
-63 6 7 5.2M 5 
-63 5 7 4.4M 6 
-63 5 7 4.4M 4 
-63 5 7 4.2M 3 
-60 5 7 4.4M 5 
-59 6 7 4.8M 4 
-58 6 7 4.8M 3 
-58 6 7 4.8M 5 
-58 6 7 5.0M 5 
-57 6 8 4.9M 4 
-62 5 7 4.1M 5 
-63 5 7 4.0M 2 
-63 5 7 4.4M 4 
-60 5 7 4.4M 5 
-60 5 7 4.5M 4 
-60 6 7 5.0M 4 
-64 5 7 4.1M 5 
-62 6 7 4.7M 4 
-62 5 7 4.2M 7 
-54 6 8 5.0M 1 
-60 6 8 5.1M 4 
-63 6 7 5.1M 5 
-64 5 7 4.8M 3 
-61 5 7 4.3M 4 
-59 6 7 4.9M 5 
-59 6 7 4.8M 4 
-58 6 7 4.7M 4 
-59 5 7 4.5M 3 
-60 6 7 4.6M 4 
-60 6 7 4.7M 4 
-60 6 7 4.8M 4 
-60 6 7 4.7M 4 
-63 6 7 4.6M 5 
-64 5 7 4.0M 4 
-65 5 7 4.0M 4 
-64 4 7 3.6M 9 
-64 4 7 3.5M 3 
-63 4 7 3.4M 5 
-63 4 7 3.7M 4 
-63 4 7 3.4M 5 
-62 3 7 2.7M 2 
-63 4 7 4.0M 1 
-63 5 7 4.0M 4 
-63 5 7 4.1M 3 
-63 5 7 3.9M 5 
-63 4 7 4.0M 2 
-63 5 7 4.2M 4 
-63 5 7 4.2M 3 
-63 5 7 4.0M 5 
-63 5 7 4.2M 4 
-63 5 7 4.1M 4 
-63 5 7 4.3M 4 
-64 5 7 4.6M 3 
-60 6 14 2.9M 5 
-52 0 28 0.0 -52 0 28 0.0 -52 0 28 0.0 -52 0 28 0.0 -52 0 28 0.0 -52 0 27 0.0 -52 0 27 0.0 -52 0 28 0.0 -52 0 28 0.0 -51 0 28 0.0 -51 0 28 0.0 