RSRP (dB) | MCS | SINR (dB) | DL Brate (bps) | BLER (%)
--------------------------------------------------------------------------
-47 7 11 5.9M 1 
-47 8 11 6.3M 3 
-45 10 12 7.9M 4 
-46 9 12 7.4M 4 
-47 9 11 7.2M 4 
-47 9 11 6.9M 4 
-47 9 11 6.7M 5 
-47 9 11 6.6M 5 
-47 8 11 6.5M 3 
-46 9 11 6.8M 5 
-47 9 11 7.2M 4 
-47 9 11 6.9M 4 
-47 9 11 7.2M 3 
-47 9 11 7.4M 3 
-47 9 11 7.2M 4 
-47 8 11 6.6M 4 
-47 9 11 7.3M 4 
-48 9 11 7.0M 4 
-48 9 10 6.7M 3 
-48 9 11 7.1M 6 
-47 8 11 6.6M 3 
-47 9 11 6.7M 4 
-47 9 11 6.9M 4 
-47 9 11 7.1M 5 
-47 9 11 6.9M 4 
-47 9 11 7.1M 4 
-46 9 11 7.0M 4 
-47 9 11 6.7M 4 
-48 8 11 6.3M 4 
-47 9 11 6.7M 4 
-47 9 11 7.2M 4 
-47 8 11 6.6M 4 
-48 8 11 6.6M 4 
-47 9 11 6.7M 4 
-46 9 11 6.8M 4 
-47 9 11 6.9M 4 
-47 9 11 6.9M 4 
-46 10 11 7.5M 4 
-46 9 11 7.2M 4 
-46 9 11 6.7M 5 
-47 9 11 7.1M 4 
-47 8 11 6.5M 4 
-47 8 11 6.6M 4 
-47 8 11 6.5M 5 
-46 10 12 8.1M 5 
-47 8 11 6.5M 5 
-47 10 12 7.6M 5 
-48 8 11 6.2M 2 
-50 8 10 6.2M 3 
-50 8 10 6.1M 3 
-52 6 8 5.4M 2 
-50 8 9 6.4M 4 
-49 8 10 6.5M 5 
-47 11 12 8.6M 5 
-46 11 12 8.7M 6 
-47 11 12 8.9M 5 
-50 8 10 6.8M 2 
-53 6 8 5.3M 0 
-51 9 9 6.6M 4 
-50 9 10 6.7M 5 
-43 8 31 189k 6 
-41 0 33 0.0 -42 0 33 0.0 -42 0 33 0.0 