RSRP (dB) | MCS | SINR (dB) | DL Brate (bps) | BLER (%)
--------------------------------------------------------------------------
-67 1 7 1.5M 1 
-66 3 9 1.9M 7 
-68 1 6 1.5M 0 
-67 2 7 2.1M 0 
-68 2 7 2.2M 2 
-67 4 7 3.9M 1 
-68 4 7 4.0M 1 
-69 6 6 5.2M 3 
-69 5 7 4.7M 2 
-69 5 6 4.4M 2 
-67 6 8 3.7M 10 
-67 4 7 3.5M 0 
-67 5 7 4.2M 0 
-67 6 7 5.4M 1 
-67 6 7 5.3M 5 
-68 6 7 5.3M 3 
-69 6 6 5.3M 3 
-69 6 6 4.2M 7 
-73 2 5 2.2M 6 
-71 1 7 1.5M 5 
-68 1 6 1.8M 0 
-70 2 6 2.5M 0 
-71 3 6 3.1M 1 
-71 3 6 3.3M 1 
-70 4 6 3.5M 2 
-71 4 6 4.0M 2 
-70 5 6 4.1M 2 
-69 6 6 5.2M 2 
-67 6 7 5.4M 2 
-67 6 7 5.4M 1 
-68 6 7 5.3M 4 
-68 6 7 5.4M 1 
-68 6 7 5.4M 1 
-67 6 7 5.3M 3 
-68 6 7 5.4M 2 
-67 6 7 5.4M 1 
-66 6 7 5.0M 5 
-67 6 7 5.4M 1 
-67 6 7 5.4M 2 
-67 6 7 5.4M 3 
-67 6 7 5.3M 4 
-67 6 7 5.4M 2 
-67 6 7 5.4M 3 
-67 6 7 5.3M 3 
-67 6 7 5.3M 4 
-67 6 7 5.3M 4 
-68 7 7 5.3M 5 
-68 5 6 3.9M 4 
-68 6 6 5.1M 2 
-68 6 6 5.3M 3 
-68 6 7 5.4M 2 
-67 6 7 5.4M 2 
-67 7 7 5.3M 5 
-67 6 7 5.4M 4 
-68 6 6 5.3M 4 
-68 6 7 5.3M 3 
-67 6 7 5.4M 2 
-67 6 7 5.4M 3 
-67 6 7 5.3M 4 
-67 6 7 5.4M 2 
-62 6 14 3.1M 1 
-55 0 25 0.0 -58 0 22 0.0 -59 2 22 4.2k 0 
