RSRP (dB) | MCS | SINR (dB) | DL Brate (bps) | BLER (%)
--------------------------------------------------------------------------
-43 24 26 2.7M 38 
-42 16 24 4.0M 17 
-45 4 11 4.1M 0 
-44 8 12 6.8M 0 
-44 10 12 8.2M 2 
-44 10 12 8.4M 1 
-44 10 12 8.2M 1 
-44 11 12 9.0M 2 
-43 11 13 9.3M 1 
-43 11 13 9.6M 2 
-43 11 12 9.3M 3 
-42 12 13 9.8M 1 
-43 10 13 8.7M 0 
-58 6 9 4.9M 1 
-58 3 7 3.3M 0 
-63 4 7 3.8M 0 
-65 3 7 3.0M 2 
-68 1 6 1.8M 0 
-66 3 7 3.3M 0 
-64 4 7 4.0M 0 
-65 5 7 4.1M 3 
-64 5 7 3.6M 6 
-65 5 7 4.4M 1 
-64 6 7 5.3M 2 
-65 5 7 4.2M 5 
-65 5 7 4.1M 3 
-66 5 7 4.7M 3 
-66 5 7 4.1M 5 
-66 4 7 3.8M 2 
-66 4 7 3.9M 0 
-66 5 7 4.4M 3 
-67 6 7 5.3M 3 
-66 6 7 5.1M 5 
-66 4 7 4.0M 1 
-66 4 7 3.7M 6 
-67 4 6 3.8M 2 
-67 4 7 3.8M 2 
-66 5 7 4.3M 5 
-66 4 7 3.8M 2 
-66 4 7 3.7M 4 
-66 4 7 3.8M 2 
-65 4 7 3.7M 3 
-65 4 7 4.0M 2 
-65 5 7 3.9M 6 
-65 4 7 3.9M 4 
-65 4 7 3.9M 1 
-64 6 7 5.1M 3 
-64 6 7 5.4M 2 
-64 6 7 5.4M 4 
-64 6 7 5.1M 5 
-65 6 7 4.3M 6 
-64 5 7 4.3M 0 
-64 5 7 4.7M 4 
-64 6 7 5.1M 5 
-64 6 7 5.2M 2 
-64 6 7 5.1M 6 
-64 5 7 4.6M 5 
-64 5 7 4.1M 3 
-64 5 7 4.6M 4 
-65 6 7 4.8M 4 
-65 6 7 5.0M 4 
-54 6 24 351k 7 
-53 0 26 0.0 