RSRP (dB) | MCS | SINR (dB) | DL Brate (bps) | BLER (%)
--------------------------------------------------------------------------
-63 3 7 2.8M 0 
-64 5 7 4.1M 1 
-63 6 7 5.2M 5 
-64 6 7 5.0M 4 
-63 6 7 5.1M 4 
-64 6 7 4.9M 5 
-64 6 7 5.1M 4 
-64 6 7 5.0M 4 
-62 6 7 5.0M 4 
-61 6 7 4.9M 4 
-62 6 7 5.0M 4 
-63 6 7 4.6M 5 
-63 5 7 4.3M 4 
-62 6 7 4.7M 3 
-63 6 7 5.2M 3 
-64 6 7 5.0M 3 
-66 6 7 4.7M 3 
-67 5 7 4.2M 4 
-65 6 7 5.0M 4 
-64 6 7 4.9M 4 
-65 6 7 5.2M 4 
-65 6 7 4.9M 3 
-65 6 7 5.3M 3 
-65 6 7 5.2M 5 
-65 6 7 5.1M 4 
-65 6 7 5.4M 2 
-65 6 7 5.3M 5 
-65 6 7 5.4M 2 
-65 6 7 5.2M 5 
-64 6 7 4.9M 6 
-63 6 7 4.9M 4 
-64 6 7 5.0M 2 
-64 6 7 4.8M 3 
-63 6 7 5.4M 2 
-63 6 7 5.4M 4 
-63 6 7 5.0M 6 
-63 6 7 4.8M 4 
-62 6 7 4.5M 5 
-63 6 7 4.7M 4 
-63 6 7 4.6M 3 
-63 6 7 5.1M 4 
-63 6 7 4.7M 5 
-63 6 7 5.1M 3 
-62 5 7 4.5M 3 
-62 6 7 5.0M 4 
-62 6 7 5.1M 5 
-62 6 7 5.0M 4 
-62 6 7 4.7M 3 
-61 6 7 4.8M 4 
-62 6 7 4.8M 4 
-62 6 7 4.8M 5 
-63 6 7 4.7M 3 
-63 6 7 5.1M 4 
-63 6 7 4.7M 5 
-63 6 7 5.0M 4 
-61 6 7 4.8M 4 
-60 6 7 5.0M 4 
-62 6 7 4.5M 5 
-63 5 7 4.6M 3 
-63 5 7 4.6M 2 
-56 6 19 1.7M 5 
-51 0 28 0.0 -51 0 28 0.0 -51 0 28 0.0 -51 0 28 0.0 -51 0 29 0.0 -51 0 28 0.0 -52 0 28 0.0 -52 0 28 0.0 -52 0 28 0.0 -53 0 27 0.0 -52 0 27 0.0 -52 0 28 0.0 -51 0 28 0.0 -51 0 28 0.0 