RSRP (dB) | MCS | SINR (dB) | DL Brate (bps) | BLER (%)
--------------------------------------------------------------------------
-64 5 7 4.1M 0 
-64 5 7 4.1M 5 
-64 5 7 4.6M 2 
-64 5 7 4.1M 5 
-63 5 7 4.6M 3 
-62 6 7 4.7M 4 
-63 6 7 4.6M 4 
-63 6 7 4.9M 4 
-63 6 7 4.7M 5 
-62 5 7 4.3M 5 
-63 5 7 4.5M 3 
-62 6 7 4.8M 4 
-63 5 7 4.4M 4 
-64 5 7 4.4M 4 
-62 5 7 4.4M 3 
-62 5 7 4.4M 2 
-62 5 7 4.6M 3 
-63 5 7 4.6M 4 
-63 5 7 4.6M 5 
-63 6 7 4.7M 3 
-64 5 7 4.5M 4 
-62 6 7 4.8M 5 
-62 5 7 4.3M 4 
-63 5 7 4.3M 4 
-62 6 7 4.7M 3 
-62 6 7 4.7M 5 
-63 5 7 4.5M 3 
-63 5 7 4.4M 3 
-63 6 7 4.8M 4 
-63 6 7 4.8M 4 
-63 6 7 4.7M 4 
-63 5 7 4.6M 3 
-63 5 7 4.5M 3 
-63 5 7 4.6M 4 
-63 5 7 4.5M 5 
-63 5 7 4.5M 4 
-63 5 7 4.6M 4 
-63 6 7 4.9M 4 
-63 5 7 4.2M 4 
-63 5 7 4.6M 3 
-63 5 7 4.5M 4 
-63 6 7 4.7M 3 
-63 5 7 4.4M 4 
-63 5 7 4.4M 3 
-63 5 7 4.3M 2 
-63 5 7 4.5M 4 
-63 6 7 4.7M 4 
-63 6 7 4.9M 4 
-63 5 7 4.3M 3 
-63 5 7 4.3M 1 
-62 6 7 4.8M 4 
-62 5 7 4.6M 4 
-63 6 7 5.0M 4 
-63 6 7 4.6M 5 
-63 5 7 4.6M 4 
-63 5 7 4.4M 4 
-63 5 7 4.6M 4 
-63 5 7 4.4M 4 
-63 6 7 4.7M 4 
-63 6 7 4.8M 4 
-60 5 12 3.2M 4 
-51 0 28 0.0 -53 0 27 0.0 -53 0 27 0.0 