0.txt
RSRP (dB) | MCS | SINR (dB) | DL Brate (bps) | BLER (%)
--------------------------------------------------------------------------
-63 3 7 2.8M 0 
-64 5 7 4.1M 1 
-63 6 7 5.2M 5 
-64 6 7 5.0M 4 
-63 6 7 5.1M 4 
-64 6 7 4.9M 5 
-64 6 7 5.1M 4 
-64 6 7 5.0M 4 
-62 6 7 5.0M 4 
-61 6 7 4.9M 4 
-62 6 7 5.0M 4 
-63 6 7 4.6M 5 
-63 5 7 4.3M 4 
-62 6 7 4.7M 3 
-63 6 7 5.2M 3 
-64 6 7 5.0M 3 
-66 6 7 4.7M 3 
-67 5 7 4.2M 4 
-65 6 7 5.0M 4 
-64 6 7 4.9M 4 
-65 6 7 5.2M 4 
-65 6 7 4.9M 3 
-65 6 7 5.3M 3 
-65 6 7 5.2M 5 
-65 6 7 5.1M 4 
-65 6 7 5.4M 2 
-65 6 7 5.3M 5 
-65 6 7 5.4M 2 
-65 6 7 5.2M 5 
-64 6 7 4.9M 6 
-63 6 7 4.9M 4 
-64 6 7 5.0M 2 
-64 6 7 4.8M 3 
-63 6 7 5.4M 2 
-63 6 7 5.4M 4 
-63 6 7 5.0M 6 
-63 6 7 4.8M 4 
-62 6 7 4.5M 5 
-63 6 7 4.7M 4 
-63 6 7 4.6M 3 
-63 6 7 5.1M 4 
-63 6 7 4.7M 5 
-63 6 7 5.1M 3 
-62 5 7 4.5M 3 
-62 6 7 5.0M 4 
-62 6 7 5.1M 5 
-62 6 7 5.0M 4 
-62 6 7 4.7M 3 
-61 6 7 4.8M 4 
-62 6 7 4.8M 4 
-62 6 7 4.8M 5 
-63 6 7 4.7M 3 
-63 6 7 5.1M 4 
-63 6 7 4.7M 5 
-63 6 7 5.0M 4 
-61 6 7 4.8M 4 
-60 6 7 5.0M 4 
-62 6 7 4.5M 5 
-63 5 7 4.6M 3 
-63 5 7 4.6M 2 
-56 6 19 1.7M 5 
-51 0 28 0.0 -51 0 28 0.0 -51 0 28 0.0 -51 0 28 0.0 -51 0 29 0.0 -51 0 28 0.0 -52 0 28 0.0 -52 0 28 0.0 -52 0 28 0.0 -53 0 27 0.0 -52 0 27 0.0 -52 0 28 0.0 -51 0 28 0.0 -51 0 28 0.0 
2.txt
RSRP (dB) | MCS | SINR (dB) | DL Brate (bps) | BLER (%)
--------------------------------------------------------------------------
-65 5 13 1.5M 18 
-69 1 6 1.5M 0 
-70 1 6 1.9M 0 
-70 2 6 2.6M 0 
-67 4 6 3.5M 0 
-66 5 7 4.3M 0 
-65 6 7 4.9M 3 
-66 5 7 4.1M 0 
-67 3 7 2.9M 0 
-67 1 7 1.9M 0 
-66 1 7 1.7M 0 
-67 1 7 1.9M 0 
-67 1 7 1.7M 0 
-67 1 7 1.8M 0 
-68 0 7 1.5M 0 
-67 0 7 1.6M 0 
-67 0 7 1.6M 0 
-67 0 7 1.6M 0 
-68 0 7 1.5M 0 
-67 0 7 1.5M 0 
-67 0 7 1.6M 0 
-67 0 7 1.5M 0 
-67 0 7 1.6M 0 
-68 1 7 1.7M 0 
-67 1 7 1.8M 0 
-67 1 7 1.8M 0 
-67 1 7 1.8M 0 
-67 1 7 1.8M 0 
-67 1 7 2.0M 0 
-67 1 7 2.1M 0 
-66 1 7 2.0M 0 
-66 1 7 2.0M 0 
-66 2 7 2.1M 0 
-66 2 7 2.1M 0 
-67 1 7 1.9M 0 
-66 1 7 1.8M 0 
-67 0 7 1.7M 0 
-67 1 7 1.9M 0 
-67 2 7 2.1M 0 
-67 2 7 2.1M 0 
-66 2 7 2.1M 0 
-67 2 7 2.1M 0 
-67 1 7 2.0M 0 
-68 0 7 1.7M 0 
-67 0 7 1.6M 0 
-67 1 7 1.8M 0 
-67 1 7 1.9M 0 
-66 2 7 2.1M 0 

-2.txt
RSRP (dB) | MCS | SINR (dB) | DL Brate (bps) | BLER (%)
--------------------------------------------------------------------------
-67 1 7 1.5M 1 
-66 3 9 1.9M 7 
-68 1 6 1.5M 0 
-67 2 7 2.1M 0 
-68 2 7 2.2M 2 
-67 4 7 3.9M 1 
-68 4 7 4.0M 1 
-69 6 6 5.2M 3 
-69 5 7 4.7M 2 
-69 5 6 4.4M 2 
-67 6 8 3.7M 10 
-67 4 7 3.5M 0 
-67 5 7 4.2M 0 
-67 6 7 5.4M 1 
-67 6 7 5.3M 5 
-68 6 7 5.3M 3 
-69 6 6 5.3M 3 
-69 6 6 4.2M 7 
-73 2 5 2.2M 6 
-71 1 7 1.5M 5 
-68 1 6 1.8M 0 
-70 2 6 2.5M 0 
-71 3 6 3.1M 1 
-71 3 6 3.3M 1 
-70 4 6 3.5M 2 
-71 4 6 4.0M 2 
-70 5 6 4.1M 2 
-69 6 6 5.2M 2 
-67 6 7 5.4M 2 
-67 6 7 5.4M 1 
-68 6 7 5.3M 4 
-68 6 7 5.4M 1 
-68 6 7 5.4M 1 
-67 6 7 5.3M 3 
-68 6 7 5.4M 2 
-67 6 7 5.4M 1 
-66 6 7 5.0M 5 
-67 6 7 5.4M 1 
-67 6 7 5.4M 2 
-67 6 7 5.4M 3 
-67 6 7 5.3M 4 
-67 6 7 5.4M 2 
-67 6 7 5.4M 3 
-67 6 7 5.3M 3 
-67 6 7 5.3M 4 
-67 6 7 5.3M 4 
-68 7 7 5.3M 5 
-68 5 6 3.9M 4 
-68 6 6 5.1M 2 
-68 6 6 5.3M 3 
-68 6 7 5.4M 2 
-67 6 7 5.4M 2 
-67 7 7 5.3M 5 
-67 6 7 5.4M 4 
-68 6 6 5.3M 4 
-68 6 7 5.3M 3 
-67 6 7 5.4M 2 
-67 6 7 5.4M 3 
-67 6 7 5.3M 4 
-67 6 7 5.4M 2 
-62 6 14 3.1M 1 
-55 0 25 0.0 -58 0 22 0.0 -59 2 22 4.2k 0 

4.txt
RSRP (dB) | MCS | SINR (dB) | DL Brate (bps) | BLER (%)
--------------------------------------------------------------------------
-60 4 7 3.7M 0 
-61 5 7 4.7M 2 
-61 6 7 4.5M 5 
-61 6 7 4.7M 3 
-61 5 7 4.2M 4 
-62 6 7 4.7M 3 
-61 6 7 4.7M 5 
-61 6 7 4.9M 4 
-62 5 7 4.5M 3 
-63 4 7 3.9M 3 
-63 5 7 4.0M 3 
-63 5 7 4.3M 2 
-64 5 7 4.2M 5 
-64 5 7 4.1M 2 
-63 5 7 4.5M 2 
-64 6 7 4.9M 3 
-64 6 7 4.7M 4 
-64 6 7 4.9M 4 
-64 6 7 4.8M 4 
-63 5 7 4.4M 5 
-63 5 7 4.2M 1 
-63 5 7 4.4M 4 
-64 5 7 4.3M 4 
-63 5 7 3.9M 6 
-63 4 7 3.8M 1 
-63 5 7 4.2M 1 
-62 5 7 4.4M 1 
-62 5 7 4.1M 6 
-63 5 7 4.1M 2 
-61 5 7 4.2M 0 
-61 5 7 4.5M 2 
-61 6 7 4.8M 2 
-61 6 7 4.8M 4 
-62 5 7 4.7M 2 
-62 5 7 4.4M 2 
-61 5 7 4.4M 3 
-61 5 7 4.5M 3 
-61 5 7 4.5M 3 
-62 5 7 4.6M 3 
-62 5 7 4.3M 2 
-61 5 7 4.5M 2 
-61 4 8 4.0M 0 
-61 4 7 4.0M 0 
-60 5 7 4.4M 1 
-60 6 7 4.7M 4 
-61 6 7 4.7M 3 
-60 5 7 4.5M 2 
-61 6 7 4.8M 3 
-60 5 7 4.5M 4 
-61 5 7 4.5M 4 
-61 6 7 4.6M 3 
-61 6 7 4.9M 4 
-60 6 7 4.6M 4 
-60 6 7 4.7M 4 
-61 5 7 4.5M 5 
-61 6 7 4.6M 4 
-61 6 7 4.7M 4 
-61 5 7 4.6M 0 
-61 5 7 4.3M 0 
-57 5 13 3.1M 2 
-50 0 29 0.0 -50 0 30 0.0 
-4.txt
RSRP (dB) | MCS | SINR (dB) | DL Brate (bps) | BLER (%)
--------------------------------------------------------------------------
-43 24 26 2.7M 38 
-42 16 24 4.0M 17 
-45 4 11 4.1M 0 
-44 8 12 6.8M 0 
-44 10 12 8.2M 2 
-44 10 12 8.4M 1 
-44 10 12 8.2M 1 
-44 11 12 9.0M 2 
-43 11 13 9.3M 1 
-43 11 13 9.6M 2 
-43 11 12 9.3M 3 
-42 12 13 9.8M 1 
-43 10 13 8.7M 0 
-58 6 9 4.9M 1 
-58 3 7 3.3M 0 
-63 4 7 3.8M 0 
-65 3 7 3.0M 2 
-68 1 6 1.8M 0 
-66 3 7 3.3M 0 
-64 4 7 4.0M 0 
-65 5 7 4.1M 3 
-64 5 7 3.6M 6 
-65 5 7 4.4M 1 
-64 6 7 5.3M 2 
-65 5 7 4.2M 5 
-65 5 7 4.1M 3 
-66 5 7 4.7M 3 
-66 5 7 4.1M 5 
-66 4 7 3.8M 2 
-66 4 7 3.9M 0 
-66 5 7 4.4M 3 
-67 6 7 5.3M 3 
-66 6 7 5.1M 5 
-66 4 7 4.0M 1 
-66 4 7 3.7M 6 
-67 4 6 3.8M 2 
-67 4 7 3.8M 2 
-66 5 7 4.3M 5 
-66 4 7 3.8M 2 
-66 4 7 3.7M 4 
-66 4 7 3.8M 2 
-65 4 7 3.7M 3 
-65 4 7 4.0M 2 
-65 5 7 3.9M 6 
-65 4 7 3.9M 4 
-65 4 7 3.9M 1 
-64 6 7 5.1M 3 
-64 6 7 5.4M 2 
-64 6 7 5.4M 4 
-64 6 7 5.1M 5 
-65 6 7 4.3M 6 
-64 5 7 4.3M 0 
-64 5 7 4.7M 4 
-64 6 7 5.1M 5 
-64 6 7 5.2M 2 
-64 6 7 5.1M 6 
-64 5 7 4.6M 5 
-64 5 7 4.1M 3 
-64 5 7 4.6M 4 
-65 6 7 4.8M 4 
-65 6 7 5.0M 4 
-54 6 24 351k 7 
-53 0 26 0.0 
6.txt
RSRP (dB) | MCS | SINR (dB) | DL Brate (bps) | BLER (%)
--------------------------------------------------------------------------
-64 6 7 5.2M 5 
-64 6 7 5.3M 4 
-64 6 7 5.3M 3 
-65 6 7 4.9M 7 
-64 6 7 4.8M 4 
-64 6 7 5.1M 2 
-64 7 7 5.4M 5 
-63 6 7 5.4M 2 
-63 7 7 5.3M 8 
-63 6 7 5.5M 0 
-63 7 7 5.0M 8 
-64 6 7 4.8M 3 
-64 6 7 5.0M 3 
-65 6 7 5.1M 5 
-65 6 7 5.4M 2 
-65 6 7 5.4M 3 
-65 6 7 5.4M 2 
-65 7 7 5.3M 5 
-66 6 7 5.2M 6 
-66 6 7 5.0M 8 
-66 5 6 4.2M 6 
-67 4 6 3.6M 4 
-67 4 6 3.8M 1 
-67 5 7 4.2M 3 
-67 5 7 4.4M 4 
-65 6 7 5.0M 3 
-64 6 7 5.0M 3 
-64 6 7 5.1M 4 
-64 6 7 4.8M 6 
-64 5 7 4.6M 4 
-65 6 7 5.0M 4 
-64 5 7 4.5M 4 
-64 6 7 5.3M 4 
-64 6 7 5.1M 5 
-64 6 7 5.2M 3 
-64 6 7 5.4M 3 
-63 6 7 5.5M 2 
-64 7 7 5.4M 4 
-64 7 7 5.4M 4 
-64 7 7 5.1M 8 
-63 6 7 4.8M 3 
-64 5 7 4.6M 4 
-64 6 7 5.0M 4 
-64 6 7 5.4M 2 
-64 7 7 5.3M 6 
-64 6 7 5.4M 3 
-64 7 7 5.4M 4 
-65 6 7 5.3M 4 
-65 6 7 5.4M 3 
-64 6 7 5.4M 2 
-64 7 7 5.4M 5 
-65 7 7 5.4M 5 
-65 7 7 5.4M 5 
-66 6 7 5.4M 2 
-65 7 7 5.3M 5 
-64 7 7 5.4M 4 
-64 8 7 5.2M 9 
-60 4 17 1.5M 0 
-55 0 26 0.0 -56 0 25 0.0 -56 0 25 0.0 
-6.txt
RSRP (dB) | MCS | SINR (dB) | DL Brate (bps) | BLER (%)
--------------------------------------------------------------------------
-40 8 17 6.0M 1 
-39 7 15 6.1M 0 
-39 10 17 8.4M 0 
-39 9 17 8.0M 0 
-38 7 17 6.2M 0 
-39 7 17 6.1M 0 
-39 7 17 6.0M 0 
-38 5 17 4.8M 0 
-38 4 17 4.2M 0 
-38 4 17 4.3M 0 
-38 5 17 4.4M 0 
-38 5 17 4.5M 0 
-39 4 16 4.1M 0 
-39 4 17 4.2M 0 
-38 5 17 4.7M 0 
-38 4 17 4.4M 0 
-39 4 16 4.3M 0 
-38 4 17 4.2M 0 
-38 5 17 4.4M 0 
-38 5 17 4.5M 0 
-38 5 17 4.4M 0 
-38 4 17 4.3M 0 
-38 4 17 4.2M 0 
-39 3 15 3.0M 0 
-40 1 15 2.2M 0 
-40 2 15 2.3M 0 
-40 1 15 2.2M 0 
-39 3 16 3.2M 0 
-39 1 15 2.3M 0 
-39 1 14 2.3M 0 
-40 2 14 2.3M 0 
-40 3 14 3.5M 0 
-39 2 14 2.5M 0 
-40 2 14 2.2M 0 
-40 2 14 2.5M 0 
-39 3 16 3.2M 0 
-38 4 17 4.1M 0 
-38 4 17 4.3M 0 
-38 4 17 4.4M 0 
-38 4 17 4.3M 0 
-38 5 17 4.5M 0 
-39 4 17 4.3M 0 
-39 4 17 4.3M 0 
-39 6 17 6.0M 0 
-39 6 17 6.1M 0 
-38 6 17 6.0M 0 
-38 5 17 5.3M 0 
-38 5 17 4.6M 0 
-38 5 17 4.7M 0 
-38 4 17 4.4M 0 
-38 5 17 4.5M 0 
-38 4 17 4.3M 0 
-38 5 17 4.5M 0 
-38 5 17 4.5M 0 
-39 5 17 4.4M 0 
-38 5 17 4.5M 0 
-59 0 10 1.4M 0 
-61 0 7 1.3M 0 
-54 2 8 1.9M 2 
-45 2 12 2.9M 0 
-46 1 12 2.0M 0 
-41 2 33 117k 0 
-40 0 35 0.0 
8.txt
RSRP (dB) | MCS | SINR (dB) | DL Brate (bps) | BLER (%)
--------------------------------------------------------------------------
-65 2 8 1.9M 6 
-66 2 7 2.1M 0 
-66 2 7 2.1M 0 
-68 4 6 3.6M 1 
-69 4 6 3.6M 0 
-68 4 6 3.8M 2 
-67 4 7 3.9M 0 
-67 5 7 4.6M 1 
-66 5 7 4.4M 2 
-67 6 7 5.4M 2 
-69 6 6 4.9M 4 
-70 4 6 3.6M 2 
-69 4 6 3.9M 0 
-68 4 6 3.9M 0 
-68 4 6 3.9M 1 
-68 4 7 3.8M 1 
-68 4 7 3.9M 0 
-68 4 7 3.8M 1 
-67 4 7 3.6M 0 
-67 4 7 3.8M 0 
-67 4 7 3.9M 0 
-67 4 7 4.1M 0 
-66 6 7 4.9M 1 
-66 5 7 4.4M 1 
-67 5 7 4.3M 2 
-69 4 6 3.5M 2 
-68 2 6 2.2M 0 
-69 2 6 2.4M 0 
-69 2 6 2.1M 5 
-69 1 6 2.0M 0 
-68 2 6 2.1M 0 
-68 2 6 2.1M 0 
-68 1 7 1.9M 1 
-65 2 7 2.2M 0 
-65 3 7 3.1M 0 
-66 4 7 3.9M 1 
-67 4 7 3.9M 0 
-68 4 6 3.7M 0 
-67 4 7 3.9M 0 
-67 4 7 3.8M 0 
-66 4 7 3.9M 0 
-67 4 7 3.9M 1 
-67 3 7 3.0M 3 
-67 1 7 2.0M 0 
-68 2 6 2.0M 0 
-70 1 6 2.0M 0 
-68 2 6 2.1M 0 
-68 1 6 2.0M 0 
-67 1 7 1.7M 0 
-67 2 7 2.1M 0 
-68 2 6 2.1M 0 
-68 3 6 3.2M 0 
-68 4 6 3.4M 0 
-67 4 7 3.8M 0 
-69 4 6 3.8M 1 
-68 4 6 3.8M 2 
-68 4 6 3.8M 1 
-68 4 6 3.8M 3 
-68 2 7 2.3M 2 
-68 2 6 2.1M 0 
-68 3 6 2.7M 1 
-60 2 19 492k 0 
-56 0 24 0.0 -57 0 24 0.0 
-8.txt
RSRP (dB) | MCS | SINR (dB) | DL Brate (bps) | BLER (%)
--------------------------------------------------------------------------
-60 2 8 2.0M 3 
-61 3 7 2.9M 0 
-60 5 7 4.3M 0 
-60 6 7 4.8M 3 
-60 6 7 5.0M 5 
-60 7 7 5.3M 5 
-60 6 7 5.0M 4 
-59 6 7 4.9M 4 
-59 6 7 4.9M 3 
-59 6 7 5.0M 6 
-59 6 7 4.8M 4 
-59 6 7 4.9M 4 
-59 6 7 4.6M 4 
-59 6 7 5.0M 4 
-59 6 7 4.9M 5 
-60 6 7 4.9M 4 
-60 6 7 5.1M 4 
-59 6 7 4.8M 5 
-60 6 7 4.6M 5 
-59 6 7 4.9M 4 
-59 6 7 5.1M 4 
-59 6 7 5.2M 5 
-59 6 7 4.8M 4 
-59 6 7 4.9M 3 
-59 6 7 4.8M 5 
-60 6 7 4.9M 4 
-59 6 7 4.8M 4 
-60 6 7 4.7M 4 
-59 6 7 4.9M 4 
-60 6 7 4.7M 4 
-60 6 7 4.7M 3 
-60 6 7 4.5M 5 
-59 6 7 4.9M 4 
-60 6 7 4.8M 5 
-61 6 7 4.8M 4 
-62 6 7 5.2M 4 
-61 6 7 4.6M 5 
-61 6 7 5.0M 5 
-61 6 7 5.1M 4 
-61 6 7 4.8M 3 
-60 6 7 5.2M 4 
-60 6 7 5.0M 4 
-60 6 7 4.9M 4 
-61 6 7 4.9M 4 
-61 5 7 4.4M 4 
-61 6 7 4.8M 4 
-61 6 7 5.0M 4 
-60 6 7 4.3M 7 
-60 5 7 4.4M 2 
-61 6 7 4.8M 4 
-61 7 7 5.4M 4 
-61 6 7 4.7M 5 
-61 5 7 4.4M 4 
-62 6 7 4.8M 4 
-62 6 7 4.9M 5 
-61 6 7 5.0M 4 
-61 6 7 4.8M 4 
-61 6 7 5.0M 5 
-61 6 7 4.9M 4 
-62 6 7 4.6M 4 
-62 5 7 4.3M 4 
-50 12 30 2.6k 25 
-50 0 30 0.0 -50 0 30 0.0 -56 0 23 0.0 -55 0 25 0.0 -55 0 25 0.0 -54 0 26 0.0 -50 0 27 0.0 
10.txt
RSRP (dB) | MCS | SINR (dB) | DL Brate (bps) | BLER (%)
--------------------------------------------------------------------------
-64 5 7 4.1M 0 
-64 5 7 4.1M 5 
-64 5 7 4.6M 2 
-64 5 7 4.1M 5 
-63 5 7 4.6M 3 
-62 6 7 4.7M 4 
-63 6 7 4.6M 4 
-63 6 7 4.9M 4 
-63 6 7 4.7M 5 
-62 5 7 4.3M 5 
-63 5 7 4.5M 3 
-62 6 7 4.8M 4 
-63 5 7 4.4M 4 
-64 5 7 4.4M 4 
-62 5 7 4.4M 3 
-62 5 7 4.4M 2 
-62 5 7 4.6M 3 
-63 5 7 4.6M 4 
-63 5 7 4.6M 5 
-63 6 7 4.7M 3 
-64 5 7 4.5M 4 
-62 6 7 4.8M 5 
-62 5 7 4.3M 4 
-63 5 7 4.3M 4 
-62 6 7 4.7M 3 
-62 6 7 4.7M 5 
-63 5 7 4.5M 3 
-63 5 7 4.4M 3 
-63 6 7 4.8M 4 
-63 6 7 4.8M 4 
-63 6 7 4.7M 4 
-63 5 7 4.6M 3 
-63 5 7 4.5M 3 
-63 5 7 4.6M 4 
-63 5 7 4.5M 5 
-63 5 7 4.5M 4 
-63 5 7 4.6M 4 
-63 6 7 4.9M 4 
-63 5 7 4.2M 4 
-63 5 7 4.6M 3 
-63 5 7 4.5M 4 
-63 6 7 4.7M 3 
-63 5 7 4.4M 4 
-63 5 7 4.4M 3 
-63 5 7 4.3M 2 
-63 5 7 4.5M 4 
-63 6 7 4.7M 4 
-63 6 7 4.9M 4 
-63 5 7 4.3M 3 
-63 5 7 4.3M 1 
-62 6 7 4.8M 4 
-62 5 7 4.6M 4 
-63 6 7 5.0M 4 
-63 6 7 4.6M 5 
-63 5 7 4.6M 4 
-63 5 7 4.4M 4 
-63 5 7 4.6M 4 
-63 5 7 4.4M 4 
-63 6 7 4.7M 4 
-63 6 7 4.8M 4 
-60 5 12 3.2M 4 
-51 0 28 0.0 -53 0 27 0.0 -53 0 27 0.0 
-10.txt
RSRP (dB) | MCS | SINR (dB) | DL Brate (bps) | BLER (%)
--------------------------------------------------------------------------
-57 10 20 1.7M 25 
-62 0 7 1.3M 0 
-62 0 7 1.3M 0 
-63 2 7 2.0M 0 
-63 3 7 3.3M 0 
-64 4 7 3.9M 1 
-63 6 7 5.0M 2 
-63 6 7 5.2M 5 
-63 5 7 4.4M 6 
-63 5 7 4.4M 4 
-63 5 7 4.2M 3 
-60 5 7 4.4M 5 
-59 6 7 4.8M 4 
-58 6 7 4.8M 3 
-58 6 7 4.8M 5 
-58 6 7 5.0M 5 
-57 6 8 4.9M 4 
-62 5 7 4.1M 5 
-63 5 7 4.0M 2 
-63 5 7 4.4M 4 
-60 5 7 4.4M 5 
-60 5 7 4.5M 4 
-60 6 7 5.0M 4 
-64 5 7 4.1M 5 
-62 6 7 4.7M 4 
-62 5 7 4.2M 7 
-54 6 8 5.0M 1 
-60 6 8 5.1M 4 
-63 6 7 5.1M 5 
-64 5 7 4.8M 3 
-61 5 7 4.3M 4 
-59 6 7 4.9M 5 
-59 6 7 4.8M 4 
-58 6 7 4.7M 4 
-59 5 7 4.5M 3 
-60 6 7 4.6M 4 
-60 6 7 4.7M 4 
-60 6 7 4.8M 4 
-60 6 7 4.7M 4 
-63 6 7 4.6M 5 
-64 5 7 4.0M 4 
-65 5 7 4.0M 4 
-64 4 7 3.6M 9 
-64 4 7 3.5M 3 
-63 4 7 3.4M 5 
-63 4 7 3.7M 4 
-63 4 7 3.4M 5 
-62 3 7 2.7M 2 
-63 4 7 4.0M 1 
-63 5 7 4.0M 4 
-63 5 7 4.1M 3 
-63 5 7 3.9M 5 
-63 4 7 4.0M 2 
-63 5 7 4.2M 4 
-63 5 7 4.2M 3 
-63 5 7 4.0M 5 
-63 5 7 4.2M 4 
-63 5 7 4.1M 4 
-63 5 7 4.3M 4 
-64 5 7 4.6M 3 
-60 6 14 2.9M 5 
-52 0 28 0.0 -52 0 28 0.0 -52 0 28 0.0 -52 0 28 0.0 -52 0 28 0.0 -52 0 27 0.0 -52 0 27 0.0 -52 0 28 0.0 -52 0 28 0.0 -51 0 28 0.0 -51 0 28 0.0 
12.txt
RSRP (dB) | MCS | SINR (dB) | DL Brate (bps) | BLER (%)
--------------------------------------------------------------------------
-62 0 7 1.6M 0 
-62 1 7 1.9M 0 
-63 2 7 2.4M 0 
-63 2 7 2.3M 0 
-62 4 7 3.6M 0 
-62 4 7 3.6M 0 
-63 4 7 3.7M 0 
-62 4 7 4.1M 0 
-62 4 7 3.9M 0 
-62 3 7 3.3M 0 
-62 2 7 2.5M 0 
-62 2 7 2.2M 0 
-62 0 7 1.6M 0 
-62 0 7 1.7M 0 
-62 1 7 1.8M 0 
-62 2 7 2.3M 0 
-63 1 7 1.9M 0 
-63 2 7 2.2M 0 
-63 2 7 2.1M 0 
-63 2 7 2.2M 0 
-62 2 7 2.4M 0 
-62 2 7 2.4M 0 
-62 2 7 2.3M 0 
-62 2 7 2.5M 0 
-62 2 7 2.4M 0 
-62 2 7 2.4M 0 
-61 2 7 2.5M 0 
-61 2 7 2.2M 0 
-62 2 7 2.3M 0 
-62 3 7 2.9M 0 
-62 2 7 2.3M 0 
-61 1 7 1.8M 0 
-61 1 7 1.9M 0 
-62 2 7 2.3M 0 
-62 2 7 2.3M 0 
-62 2 7 2.3M 0 
-62 1 7 1.9M 0 
-62 0 7 1.6M 0 
-62 1 7 1.5M 4 
-62 1 7 1.4M 0 
-61 0 7 1.5M 0 
-62 0 7 1.7M 0 
-62 1 7 1.8M 0 
-62 1 7 2.1M 0 
-61 1 7 1.9M 0 
-62 1 7 1.9M 0 
-62 2 7 2.3M 0 
-62 2 7 2.4M 0 
-61 2 7 2.2M 2 
-61 1 7 1.8M 0 
-61 1 7 1.8M 0 
-61 2 7 2.2M 0 
-61 2 7 2.3M 0 
-62 1 7 1.9M 0 
-62 1 7 1.8M 0 
-62 0 7 1.6M 0 
-62 0 7 1.6M 0 
-62 0 7 1.5M 0 
-61 0 7 1.5M 0 
-62 1 7 2.1M 0 
-62 2 7 2.3M 0 
-62 2 7 2.4M 0 
-52 2 28 82k 0 
-51 0 30 0.0 -51 0 30 0.0 
-12.txt
RSRP (dB) | MCS | SINR (dB) | DL Brate (bps) | BLER (%)
--------------------------------------------------------------------------
-47 7 11 5.9M 1 
-47 8 11 6.3M 3 
-45 10 12 7.9M 4 
-46 9 12 7.4M 4 
-47 9 11 7.2M 4 
-47 9 11 6.9M 4 
-47 9 11 6.7M 5 
-47 9 11 6.6M 5 
-47 8 11 6.5M 3 
-46 9 11 6.8M 5 
-47 9 11 7.2M 4 
-47 9 11 6.9M 4 
-47 9 11 7.2M 3 
-47 9 11 7.4M 3 
-47 9 11 7.2M 4 
-47 8 11 6.6M 4 
-47 9 11 7.3M 4 
-48 9 11 7.0M 4 
-48 9 10 6.7M 3 
-48 9 11 7.1M 6 
-47 8 11 6.6M 3 
-47 9 11 6.7M 4 
-47 9 11 6.9M 4 
-47 9 11 7.1M 5 
-47 9 11 6.9M 4 
-47 9 11 7.1M 4 
-46 9 11 7.0M 4 
-47 9 11 6.7M 4 
-48 8 11 6.3M 4 
-47 9 11 6.7M 4 
-47 9 11 7.2M 4 
-47 8 11 6.6M 4 
-48 8 11 6.6M 4 
-47 9 11 6.7M 4 
-46 9 11 6.8M 4 
-47 9 11 6.9M 4 
-47 9 11 6.9M 4 
-46 10 11 7.5M 4 
-46 9 11 7.2M 4 
-46 9 11 6.7M 5 
-47 9 11 7.1M 4 
-47 8 11 6.5M 4 
-47 8 11 6.6M 4 
-47 8 11 6.5M 5 
-46 10 12 8.1M 5 
-47 8 11 6.5M 5 
-47 10 12 7.6M 5 
-48 8 11 6.2M 2 
-50 8 10 6.2M 3 
-50 8 10 6.1M 3 
-52 6 8 5.4M 2 
-50 8 9 6.4M 4 
-49 8 10 6.5M 5 
-47 11 12 8.6M 5 
-46 11 12 8.7M 6 
-47 11 12 8.9M 5 
-50 8 10 6.8M 2 
-53 6 8 5.3M 0 
-51 9 9 6.6M 4 
-50 9 10 6.7M 5 
-43 8 31 189k 6 
-41 0 33 0.0 -42 0 33 0.0 -42 0 33 0.0 
