RSRP (dB) | MCS | SINR (dB) | DL Brate (bps) | BLER (%)
--------------------------------------------------------------------------
-55 6 7 4.8M 5 
-55 6 7 4.7M 4 
-55 6 7 4.7M 4 
-55 6 7 4.9M 5 
-55 5 7 4.5M 4 
-55 6 7 4.9M 4 
-55 6 7 4.8M 4 
-55 6 7 4.7M 4 
-55 6 7 4.8M 4 
-55 6 7 4.6M 3 
-55 6 7 4.8M 5 
-55 6 7 5.0M 5 
-54 6 8 4.3M 6 
-55 5 7 4.3M 1 
-55 6 7 4.6M 4 
-54 6 7 4.8M 5 
-54 6 7 4.7M 4 
-55 6 7 4.7M 4 
-54 6 7 4.9M 4 
-54 6 7 5.0M 5 
-54 6 7 4.8M 4 
-54 6 7 5.1M 4 
-55 6 7 4.8M 4 
-55 6 7 5.0M 4 
-55 6 7 4.7M 4 
-54 6 7 4.6M 4 
-54 6 7 4.9M 3 
-55 6 7 4.9M 5 
-55 6 7 4.7M 3 
-55 6 7 4.7M 4 
-55 6 7 5.1M 2 
-55 6 7 4.9M 7 
-55 6 7 4.9M 4 
-55 6 7 4.7M 4 
-55 6 7 4.9M 4 
-56 6 7 4.8M 5 
-56 6 7 4.8M 4 
-56 6 7 4.9M 4 
-55 6 7 5.0M 4 
-55 7 7 4.6M 7 
-56 5 7 4.7M 0 
-55 6 7 4.9M 5 
-55 6 7 4.8M 4 
-55 6 7 4.6M 5 
-55 6 7 4.7M 4 
-55 6 7 4.8M 3 
-55 6 7 4.9M 3 
-55 6 7 5.0M 6 
-55 6 7 4.8M 4 
-55 6 7 4.8M 4 
-55 6 7 4.6M 4 
-55 6 7 4.8M 5 
-55 5 7 4.6M 4 
-55 6 7 4.9M 4 
-55 6 7 5.1M 4 
-56 6 7 5.1M 5 
-55 6 8 4.9M 3 
-55 6 7 4.8M 4 
-55 6 7 4.7M 4 
-55 7 7 5.3M 5 
-55 6 7 4.9M 3 
-56 6 7 4.7M 7 
-55 5 7 4.4M 2 
-55 6 7 4.5M 5 
-55 6 7 4.8M 4 
-55 6 7 5.0M 4 
-56 7 7 5.4M 4 
-56 6 8 4.9M 4 
-56 6 7 4.9M 4 
-57 6 7 4.9M 4 
-56 6 7 4.8M 4 
-56 6 7 5.1M 5 
-56 6 7 4.8M 4 
-56 7 7 5.3M 5 
-56 6 7 5.1M 2 
-55 6 7 5.1M 6 
-56 6 7 5.2M 4 
-56 6 7 4.8M 4 
-55 6 7 5.2M 3 
-56 6 7 4.7M 6 
-56 6 7 4.8M 3 
-56 6 7 5.0M 2 
-56 6 7 4.7M 6 
-56 6 7 4.8M 5 
-56 6 7 5.0M 2 
-56 6 7 4.9M 5 
-56 6 7 4.5M 4 
-55 6 7 4.9M 4 
-56 6 7 4.6M 4 
-56 6 7 4.9M 4 
-56 6 7 4.6M 4 
-56 6 7 4.8M 5 
-56 6 7 4.8M 4 
-56 6 7 4.9M 4 
-56 6 7 4.9M 4 
-56 6 7 4.6M 5 
-56 6 7 4.7M 4 
-56 6 7 4.9M 4 
-56 6 7 4.9M 4 
-56 6 7 4.9M 4 
-55 6 7 5.1M 4 
-56 5 7 4.5M 3 
-55 6 7 5.1M 4 
-56 6 7 4.9M 5 
-56 6 7 4.9M 4 
-56 8 7 4.9M 11 
-56 4 7 3.8M 0 
-56 6 7 4.7M 3 
-56 6 7 5.0M 4 
-56 6 7 5.0M 4 
-56 6 7 4.9M 4 
-55 6 7 4.7M 5 
-55 5 7 4.5M 4 
-55 6 7 4.7M 4 
-56 6 7 4.9M 5 
-56 6 7 4.5M 5 
-56 5 7 4.3M 4 
-56 6 7 4.7M 4 
-56 6 8 4.6M 3 
-56 6 7 4.8M 5 
-56 6 7 5.1M 4 
-56 6 7 4.8M 4 
-56 6 7 4.9M 3 
-56 6 7 4.9M 5 
-56 6 7 5.0M 4 
-56 6 7 4.8M 4 
-56 7 7 4.5M 7 
-44 11 32 5.6k 0 
-43 0 33 0.0 -43 0 33 0.0 -43 0 33 0.0 -43 0 33 0.0 -43 0 33 0.0 -43 0 33 0.0 -42 0 33 0.0 