RSRP (dB) | MCS | SINR (dB) | DL Brate (bps) | BLER (%)
--------------------------------------------------------------------------
-59 5 7 4.3M 0 
-59 6 7 4.7M 4 
-59 5 7 4.3M 3 
-59 6 7 4.9M 4 
-59 6 7 5.0M 5 
-59 6 7 5.0M 4 
-59 5 7 4.4M 4 
-59 6 7 5.0M 3 
-59 6 7 4.6M 5 
-59 5 7 4.4M 4 
-59 6 7 4.9M 3 
-59 6 7 4.5M 5 
-59 5 7 4.5M 4 
-59 6 7 5.0M 3 
-59 6 7 4.9M 5 
-59 6 7 5.0M 4 
-59 6 7 4.8M 4 
-60 6 7 5.2M 6 
-59 6 7 4.9M 3 
-59 6 7 5.0M 5 
-59 6 7 4.8M 5 
-59 6 7 4.9M 4 
-59 6 7 5.0M 4 
-59 6 7 4.7M 3 
-59 6 7 4.6M 3 
-59 6 7 4.8M 4 
-59 6 7 4.6M 4 
-59 6 7 5.0M 4 
-59 6 7 4.8M 4 
-59 6 7 4.8M 3 
-59 5 7 3.7M 5 
-59 5 7 4.3M 2 
-59 6 7 4.6M 5 
-59 6 7 4.8M 4 
-59 6 7 4.8M 4 
-59 6 7 4.8M 4 
-59 5 7 4.3M 5 
-59 6 7 4.7M 4 
-59 6 7 4.9M 3 
-59 6 7 5.2M 5 
-59 6 7 4.9M 4 
-59 7 7 4.6M 7 
-60 5 7 4.3M 0 
-59 6 7 4.7M 4 
-60 6 7 4.9M 5 
-59 6 7 5.0M 4 
-60 6 7 5.0M 2 
-59 6 7 4.8M 6 
-59 6 7 5.2M 5 
-59 6 7 4.7M 4 
-59 6 7 5.0M 2 
-60 6 7 4.9M 5 
-60 6 7 5.1M 4 
-59 6 7 5.0M 4 
-59 6 7 4.6M 4 
-59 6 7 4.6M 4 
-59 6 7 4.8M 4 
-60 6 7 4.6M 5 
-60 6 7 5.1M 3 
-60 6 7 5.1M 4 
-58 6 7 5.2M 4 
-59 6 7 4.9M 4 
-59 6 7 5.2M 4 
-59 6 7 4.9M 4 
-59 6 7 4.6M 5 
-60 6 7 5.0M 3 
-59 6 7 4.9M 5 
-59 6 7 4.9M 3 
-59 6 7 4.8M 5 
-61 6 7 4.5M 4 
-60 6 7 4.8M 4 
-59 6 7 5.3M 3 
-59 6 7 5.1M 5 
-59 6 7 4.9M 5 
-59 6 7 5.0M 4 
-59 6 7 4.8M 5 
-59 5 7 4.3M 4 
-60 6 7 4.9M 4 
-60 6 7 5.4M 2 
-59 6 7 4.9M 7 
-59 6 7 5.0M 4 
-59 6 7 4.9M 5 
-59 6 7 4.8M 2 
-58 5 7 4.5M 3 
-57 6 7 4.8M 4 
-57 6 7 5.0M 4 
-57 6 7 4.6M 4 
-59 5 7 4.4M 2 
-58 6 7 5.0M 4 
-60 6 7 4.7M 4 
-60 6 7 5.1M 5 
-60 6 7 5.2M 4 
-60 6 7 4.9M 5 
-60 6 7 4.7M 4 
-60 6 7 4.9M 3 
-60 6 7 4.9M 5 
-60 6 7 4.8M 5 
-60 6 7 4.8M 4 
-60 6 7 4.8M 4 
-60 6 7 4.9M 4 
-60 6 7 4.8M 5 
-60 6 7 4.7M 4 
-60 6 7 4.8M 5 
-60 5 7 4.5M 0 
-59 6 7 4.8M 5 
-59 6 7 5.2M 4 
-60 5 7 4.5M 3 
-60 6 7 5.0M 4 
-60 6 7 4.5M 5 
-60 6 7 4.8M 4 
-60 6 7 4.8M 3 
-60 7 7 5.2M 5 
-60 6 7 4.9M 5 
-60 6 7 5.1M 4 
-60 6 7 4.8M 3 
-59 6 7 5.1M 4 
-60 6 7 4.8M 5 
-60 6 7 4.6M 4 
-60 6 7 4.9M 3 
-59 5 7 4.6M 3 
-54 6 19 2.1M 5 
-48 0 30 0.0 -48 0 30 0.0 -48 0 31 0.0 -47 0 30 0.0 -47 0 30 0.0 -48 0 30 0.0 -48 0 30 0.0 -48 0 30 0.0 -48 0 30 0.0 -48 0 30 0.0 