RSRP (dB) | MCS | SINR (dB) | DL Brate (bps) | BLER (%)
--------------------------------------------------------------------------
-59 4 7 4.1M 0 
-61 6 7 4.9M 4 
-61 6 7 4.7M 5 
-61 6 7 5.0M 1 
-61 7 7 5.2M 6 
-61 6 7 5.0M 6 
-60 6 7 4.6M 3 
-60 6 7 5.0M 4 
-61 6 7 5.0M 4 
-59 6 7 4.8M 5 
-60 6 7 4.8M 4 
-60 5 7 4.5M 4 
-61 6 7 4.7M 4 
-61 5 7 4.5M 4 
-61 6 7 4.7M 4 
-61 5 7 4.6M 3 
-60 6 7 4.8M 4 
-61 6 7 5.1M 5 
-61 6 7 5.2M 4 
-61 6 7 5.1M 4 
-61 6 7 5.2M 5 
-60 6 7 4.1M 7 
-61 6 7 4.8M 3 
-61 6 7 5.2M 4 
-61 6 7 5.2M 5 
-61 6 7 5.1M 5 
-61 6 7 4.8M 3 
-61 6 7 5.3M 4 
-61 6 7 5.1M 5 
-61 6 7 5.1M 4 
-61 6 7 5.0M 4 
-60 6 7 4.9M 5 
-61 6 7 4.8M 5 
-61 6 7 4.6M 3 
-61 6 7 4.8M 5 
-61 5 7 4.4M 4 
-60 6 7 5.1M 2 
-61 7 7 5.1M 6 
-60 6 7 4.1M 6 
-60 5 7 4.4M 1 
-60 6 7 5.1M 4 
-58 6 7 5.1M 5 
-60 6 7 4.9M 4 
-59 6 7 4.9M 4 
-60 6 7 5.0M 4 
-58 6 7 5.0M 6 
-58 6 7 4.9M 4 
-60 6 7 4.7M 4 
-61 6 7 5.0M 4 
-60 6 7 4.7M 5 
-59 6 7 4.9M 5 
-60 5 7 4.6M 3 
-60 6 7 4.8M 4 
-59 6 7 5.1M 5 
-60 6 7 4.9M 4 
-59 6 7 4.8M 4 
-61 6 7 4.9M 4 
-60 6 7 4.6M 4 
-60 6 7 5.0M 5 
-59 6 7 4.8M 4 
-60 6 7 4.7M 4 
-61 6 7 4.8M 5 
-61 6 7 4.9M 4 
-60 5 7 4.5M 3 
-60 6 7 4.9M 5 
-61 6 7 5.2M 4 
-61 6 7 5.0M 4 
-61 6 7 4.9M 3 
-61 6 7 5.0M 5 
-61 6 7 5.0M 4 
-61 6 7 5.1M 5 
-60 6 7 5.2M 4 
-61 6 7 5.0M 3 
-61 6 7 5.1M 6 
-61 5 7 4.5M 3 
-60 6 7 5.0M 5 
-60 6 7 5.2M 3 
-60 6 7 4.9M 5 
-60 6 7 5.1M 5 
-60 6 7 4.9M 4 
-59 6 7 4.6M 4 
-59 6 7 5.0M 5 
-60 6 7 4.7M 4 
-61 6 7 4.7M 3 
-60 6 7 5.2M 4 
-61 7 7 5.2M 6 
-60 5 7 4.6M 3 
-61 6 7 4.9M 4 
-60 6 7 4.7M 3 
-60 6 7 4.8M 4 
-61 6 7 4.8M 5 
-61 6 7 5.1M 4 
-60 6 7 4.7M 4 
-60 6 7 4.7M 5 
-61 6 7 5.2M 4 
-61 6 7 4.8M 4 
-60 6 7 5.3M 4 
-61 6 7 5.2M 5 
-61 6 7 4.8M 4 
-61 5 7 4.6M 3 
-61 6 7 4.8M 3 
-61 6 7 4.9M 5 
-61 6 7 5.2M 4 
-60 5 7 4.5M 4 
-61 6 7 4.8M 3 
-61 6 7 5.2M 5 
-60 5 7 4.5M 3 
-61 6 7 5.1M 5 
-61 6 7 4.9M 3 
-60 6 7 5.2M 5 
-60 6 7 5.0M 4 
-60 6 7 5.1M 3 
-61 6 7 5.1M 3 
-61 6 7 4.4M 10 
-61 5 7 4.3M 0 
-60 6 7 4.9M 3 
-60 6 7 4.8M 4 
-62 6 7 5.1M 4 
-61 6 7 4.7M 4 
-61 6 7 4.9M 5 
-61 6 7 4.8M 3 
-54 6 20 2.0M 5 
-49 0 30 0.0 -49 0 30 0.0 -49 0 30 0.0 -49 0 30 0.0 -49 0 30 0.0 