RSRP (dB) | MCS | SINR (dB) | DL Brate (bps) | BLER (%)
--------------------------------------------------------------------------
-66 3 7 2.5M 5 
-65 3 7 2.9M 0 
-65 4 7 3.4M 5 
-67 2 7 2.5M 1 
-67 2 7 2.1M 0 
-67 2 7 2.3M 0 
-66 3 7 2.9M 4 
-67 2 7 2.5M 1 
-67 3 7 2.6M 3 
-68 1 7 2.0M 0 
-65 4 10 1.5M 15 
-66 1 7 1.3M 0 
-66 1 7 1.3M 0 
-66 2 7 2.1M 0 
-66 3 7 3.2M 1 
-67 4 7 3.8M 2 
-67 5 7 4.1M 2 
-66 5 7 3.9M 4 
-67 5 7 4.2M 2 
-66 5 7 4.4M 4 
-66 5 7 4.6M 4 
-67 6 7 5.0M 4 
-67 6 7 5.0M 4 
-66 5 7 3.8M 7 
-67 4 7 3.8M 2 
-66 4 7 3.9M 1 
-66 5 7 4.1M 3 
-66 5 7 4.2M 4 
-66 6 7 5.0M 3 
-66 6 7 5.3M 4 
-66 5 7 3.9M 5 
-66 5 7 4.2M 3 
-66 5 7 4.2M 5 
-66 6 7 4.7M 4 
-66 5 7 4.4M 4 
-66 6 7 4.8M 4 
-66 6 7 5.1M 4 
-66 5 7 4.1M 6 
-67 4 7 3.9M 0 
-66 5 7 4.7M 2 
-66 5 7 4.4M 4 
-66 5 7 4.5M 4 
-66 5 7 4.2M 4 
-66 6 7 4.7M 7 
-66 4 7 4.0M 0 
-66 6 7 4.9M 2 
-66 6 7 5.2M 5 
-66 5 7 4.1M 5 
-66 5 7 4.1M 1 
-66 5 7 4.5M 6 
-66 4 7 3.9M 2 
-66 5 7 4.5M 3 
-66 5 7 3.2M 10 
-66 3 7 3.2M 1 
-67 4 7 3.8M 1 
-65 5 7 4.5M 1 
-65 7 7 4.5M 10 
-66 4 7 3.6M 1 
-66 4 7 3.8M 2 
-66 4 7 3.3M 8 
-67 4 7 3.7M 2 
-66 3 7 3.1M 2 
-67 4 7 3.6M 3 
-66 4 7 3.9M 1 
-66 5 7 4.0M 5 
-66 4 7 3.8M 5 
-66 4 7 3.8M 5 
-67 4 7 3.8M 3 
-66 3 7 2.9M 5 
-66 4 7 3.5M 3 
-66 3 7 3.1M 3 
-66 3 7 3.1M 3 
-67 4 7 3.8M 2 
-66 4 7 3.5M 3 
-66 3 7 3.0M 4 
-66 4 7 3.1M 7 
-66 2 7 2.0M 0 
-67 2 7 2.1M 0 
-66 4 7 3.4M 3 
-66 3 7 2.8M 3 
-66 3 7 2.8M 3 
-66 3 7 2.8M 1 
-66 5 7 3.2M 9 
-66 2 7 2.1M 0 
-66 2 7 2.1M 0 
-66 3 7 2.8M 3 
-66 2 7 2.3M 4 
-66 2 7 2.1M 1 
-66 1 7 1.6M 6 
-66 2 7 2.1M 0 
-66 4 7 3.6M 1 
-66 4 7 3.4M 5 
-65 2 7 2.3M 1 
-66 3 7 3.3M 0 
-66 4 7 3.8M 2 
-66 4 7 3.7M 3 
-66 5 7 3.9M 5 
-67 4 7 3.9M 1 
-67 5 7 4.2M 7 
-67 4 7 3.6M 5 
-66 2 7 2.3M 0 
-67 4 7 3.8M 2 
-67 4 7 3.9M 0 
-67 5 7 3.9M 5 
-66 4 7 3.6M 5 
-66 2 7 2.2M 0 
-66 2 7 2.5M 2 
-66 4 7 3.6M 2 
-66 4 7 3.8M 4 
-65 3 7 3.2M 3 
-66 4 7 3.7M 2 
-66 4 7 4.0M 0 
-66 5 7 3.9M 4 
-66 5 7 3.8M 7 
-66 4 7 3.9M 0 
-66 5 7 4.0M 4 
-66 5 7 4.0M 6 
-66 4 7 3.9M 2 
-66 4 7 3.9M 3 
-67 5 7 4.0M 5 
-67 4 7 3.8M 4 
-67 4 7 3.8M 3 
-67 4 7 3.7M 4 
-57 5 21 318k 1 
-54 0 25 0.0 -55 0 24 0.0 -55 0 24 0.0 