RSRP (dB) | MCS | SINR (dB) | DL Brate (bps) | BLER (%)
--------------------------------------------------------------------------
-63 1 7 2.0M 0 
-65 2 7 2.1M 0 
-64 1 7 1.8M 0 
-64 1 7 1.9M 0 
-64 1 7 1.9M 0 
-63 1 7 2.0M 0 
-63 1 7 2.1M 0 
-66 1 7 2.0M 0 
-63 1 7 2.2M 0 
-66 1 7 1.8M 0 
-65 0 7 1.7M 0 
-65 0 7 1.5M 0 
-65 0 7 1.5M 0 
-65 0 7 1.4M 0 
-64 0 7 1.5M 0 
-64 0 7 1.4M 0 
-64 0 7 1.4M 0 
-64 0 7 1.4M 0 
-62 1 7 1.7M 0 
-62 2 7 2.0M 0 
-63 1 7 1.9M 0 
-61 1 7 1.9M 0 
-63 1 7 2.1M 0 
-61 2 7 2.6M 0 
-67 2 7 2.3M 0 
-68 1 7 2.0M 0 
-69 1 6 2.0M 0 
-69 1 6 2.0M 0 
-64 2 7 2.2M 0 
-63 2 7 2.4M 0 
-64 0 7 1.7M 0 
-64 0 7 1.5M 0 
-65 0 7 1.5M 0 
-63 0 7 1.6M 0 
-65 1 7 2.0M 0 
-63 1 7 2.1M 0 
-65 1 7 1.9M 0 
-65 1 7 2.1M 0 
-66 2 7 2.2M 0 
-66 1 7 1.9M 0 
-66 1 7 2.0M 0 
-66 2 7 2.2M 0 
-66 2 7 2.2M 0 
-67 2 7 2.1M 0 
-65 2 7 2.6M 0 
-65 1 7 2.1M 0 
-64 1 7 2.1M 0 
-64 2 7 2.5M 0 
-64 2 7 2.4M 0 
-64 0 7 1.6M 0 
-64 0 7 1.5M 0 
-66 1 7 2.1M 0 
-64 1 7 1.9M 0 
-64 0 7 1.7M 0 
-64 1 7 1.8M 0 
-65 1 7 1.9M 0 
-65 1 7 2.0M 0 
-66 2 7 2.1M 0 
-64 2 7 2.4M 1 
-69 1 7 1.4M 3 
-66 0 7 1.6M 0 
-64 1 7 1.8M 0 
-64 1 7 1.8M 0 
-63 1 7 1.9M 0 
-64 2 7 2.3M 0 
-65 1 7 2.0M 0 
-65 1 7 2.0M 0 
-65 1 7 1.7M 0 
-65 0 7 1.5M 0 
-64 1 7 2.0M 0 
-64 2 7 2.4M 2 
-64 0 7 1.5M 0 
-64 0 7 1.6M 0 
-63 2 7 2.5M 0 
-64 1 7 1.8M 0 
-65 1 7 1.9M 0 
-68 1 6 1.7M 0 
-71 1 6 1.8M 1 
-73 0 6 1.2M 0 
-71 1 6 1.7M 0 
-69 1 6 1.9M 0 
-68 1 6 2.1M 0 
-63 2 7 2.7M 0 
-67 2 7 2.4M 0 
-60 2 7 2.7M 0 
-59 3 8 3.1M 0 
-59 2 8 2.6M 0 
-67 1 7 1.9M 0 
-64 2 7 2.4M 0 
-70 1 6 1.7M 0 
-64 1 7 1.8M 0 
-63 1 7 1.8M 0 
-64 1 7 1.9M 0 
-64 1 7 1.8M 0 
-64 1 7 1.7M 0 
-64 1 7 1.8M 0 
-64 1 7 1.9M 0 
-63 1 7 2.1M 0 
-65 1 7 1.8M 0 
-65 1 7 2.0M 0 
-64 1 7 1.8M 0 
-64 1 7 1.9M 0 
-64 0 7 1.7M 0 
-65 1 7 1.8M 0 
-64 1 7 2.1M 0 
-65 1 7 1.7M 0 
-65 1 7 1.8M 0 
-65 0 7 1.5M 0 
-64 1 7 1.7M 0 
-65 1 7 1.8M 0 
-64 1 7 2.0M 0 
-64 1 7 2.1M 0 
-64 1 7 1.9M 0 
-64 1 7 2.0M 0 
-63 1 7 1.8M 0 
-63 1 7 1.8M 0 
-64 1 7 2.0M 0 
-65 1 7 1.9M 0 
-64 1 7 1.8M 1 
-64 1 7 1.7M 2 
-64 0 7 1.4M 0 
-64 0 7 1.7M 0 
-64 1 7 1.9M 0 
-64 1 7 2.1M 0 
-64 1 7 1.7M 0 
-64 1 7 1.8M 0 
-56 0 22 375k 0 
-53 0 27 0.0 -52 0 28 0.0 -52 0 28 0.0 -53 0 27 0.0 -52 0 28 0.0 