RSRP (dB) | MCS | SINR (dB) | DL Brate (bps) | BLER (%)
--------------------------------------------------------------------------
-63 1 7 2.0M 0 
-63 3 7 3.1M 0 
-63 5 7 4.2M 0 
-62 5 7 4.6M 1 
-62 5 7 4.4M 4 
-61 6 7 4.8M 4 
-62 6 7 4.8M 2 
-63 5 7 4.3M 6 
-64 5 7 4.4M 1 
-64 6 7 5.0M 1 
-65 6 7 4.7M 3 
-67 5 7 4.1M 0 
-67 5 7 4.6M 3 
-67 6 7 5.2M 5 
-67 6 7 5.1M 1 
-66 6 7 5.4M 2 
-65 6 7 5.4M 4 
-65 7 7 5.3M 4 
-65 6 7 5.5M 1 
-65 7 7 5.1M 7 
-66 6 7 4.8M 1 
-67 6 7 5.4M 2 
-66 7 7 4.4M 6 
-66 5 7 4.1M 0 
-65 6 7 4.9M 4 
-62 6 7 4.7M 2 
-63 6 7 4.8M 3 
-63 5 7 4.6M 1 
-64 5 7 4.6M 1 
-66 5 7 4.2M 3 
-63 5 7 4.5M 1 
-63 5 7 4.6M 1 
-62 6 7 5.0M 4 
-63 5 7 4.5M 4 
-63 5 7 4.6M 1 
-62 5 7 4.3M 0 
-63 5 7 4.6M 2 
-65 5 7 4.1M 2 
-63 4 7 4.0M 1 
-64 5 7 4.1M 0 
-62 5 7 4.4M 0 
-62 5 7 4.6M 2 
-63 5 7 4.5M 3 
-64 6 7 5.1M 3 
-61 6 7 4.5M 4 
-62 6 7 4.7M 4 
-64 5 7 4.2M 0 
-63 6 7 4.7M 2 
-64 4 7 4.0M 0 
-62 4 7 3.9M 0 
-61 5 7 4.3M 0 
-62 5 7 4.5M 3 
-62 6 7 4.8M 4 
-62 5 7 4.6M 2 
-63 5 7 4.4M 0 
-63 5 7 4.5M 1 
-63 6 7 5.2M 3 
-63 5 7 4.4M 2 
-63 6 7 4.8M 3 
-63 5 7 4.6M 2 
-63 6 7 4.8M 1 
-63 6 7 4.7M 4 
-64 6 7 4.8M 2 
-63 5 7 4.5M 2 
-62 5 7 4.5M 3 
-64 5 7 4.3M 0 
-63 5 7 4.2M 0 
-63 5 7 4.3M 0 
-63 4 7 3.5M 0 
-63 5 7 4.2M 0 
-63 4 7 3.5M 0 
-63 3 7 2.8M 0 
-63 5 7 4.2M 0 
-63 4 7 4.1M 0 
-63 5 7 4.3M 0 
-63 5 7 4.3M 1 
-63 5 7 4.2M 0 
-63 5 7 4.4M 0 
-63 2 7 2.8M 0 
-62 2 7 2.4M 0 
-64 4 7 3.5M 0 
-64 5 7 4.2M 0 
-64 5 7 4.2M 0 
-62 5 7 4.3M 0 
-64 5 7 4.3M 0 
-63 2 7 2.4M 0 
-63 4 7 4.0M 0 
-63 5 7 4.3M 0 
-63 5 7 4.1M 0 
-63 5 7 4.3M 0 
-62 6 7 4.6M 3 
-61 6 7 4.8M 4 
-64 5 7 4.7M 2 
-63 6 7 5.1M 4 
-62 5 7 4.3M 3 
-63 5 7 4.2M 0 
-64 4 7 3.6M 0 
-63 4 7 3.6M 0 
-62 5 7 4.2M 0 
-63 5 7 4.5M 1 
-63 5 7 4.3M 0 
-63 6 7 4.9M 3 
-62 6 7 4.7M 4 
-63 6 7 5.2M 4 
-63 5 7 4.3M 0 
-62 5 7 4.4M 2 
-63 5 7 4.5M 1 
-62 6 7 4.7M 2 
-62 6 7 4.7M 3 
-63 6 7 4.6M 4 
-62 5 7 4.5M 1 
-62 6 7 4.7M 3 
-63 6 7 5.2M 4 
-64 5 7 4.4M 2 
-64 4 7 4.1M 0 
-65 4 7 4.0M 0 
-64 3 7 3.2M 0 
-64 2 7 2.4M 0 
-63 4 7 4.1M 0 
-64 3 7 2.8M 0 
-63 2 7 2.4M 0 
-63 2 7 2.4M 0 
-64 4 7 3.9M 0 
-62 5 11 3.3M 0 
-53 0 28 0.0 -52 0 29 0.0 -53 0 28 0.0 -52 0 28 0.0 -52 0 29 0.0 -52 0 29 0.0 -52 0 29 0.0 