RSRP (dB) | MCS | SINR (dB) | DL Brate (bps) | BLER (%)
--------------------------------------------------------------------------
-63 2 7 2.3M 0 
-63 5 7 3.8M 5 
-63 3 7 2.9M 0 
-63 5 7 4.1M 0 
-63 5 7 4.2M 0 
-64 5 7 4.1M 0 
-63 5 7 4.1M 0 
-62 6 9 3.5M 7 
-57 15 19 2.1M 44 
-63 0 7 1.4M 1 
-62 1 7 1.4M 0 
-63 0 7 1.6M 0 
-63 2 7 2.3M 0 
-64 2 7 2.4M 0 
-64 4 7 3.5M 0 
-63 3 7 3.0M 0 
-63 2 7 2.4M 0 
-63 2 7 2.2M 0 
-63 5 7 4.3M 0 
-63 4 7 3.5M 0 
-63 4 7 2.9M 5 
-63 2 7 2.5M 0 
-65 2 7 2.1M 0 
-65 2 7 2.2M 0 
-65 2 7 2.1M 0 
-65 2 7 2.3M 0 
-65 2 7 2.3M 0 
-64 2 7 2.4M 0 
-64 2 7 2.4M 0 
-64 2 7 2.3M 0 
-64 2 7 2.4M 2 
-64 2 7 2.3M 0 
-64 3 7 2.8M 0 
-64 4 7 3.6M 1 
-64 2 7 2.7M 0 
-64 5 7 4.2M 0 
-64 5 7 4.1M 0 
-65 4 7 4.1M 0 
-65 4 7 4.0M 0 
-63 3 7 3.0M 0 
-65 2 7 2.3M 0 
-64 2 7 2.5M 0 
-64 4 7 4.1M 0 
-63 5 7 4.1M 0 
-64 5 7 4.1M 0 
-65 5 7 4.2M 1 
-64 5 7 4.6M 1 
-64 4 7 4.1M 0 
-64 4 7 4.1M 0 
-64 5 7 4.1M 1 
-64 5 7 4.2M 1 
-64 5 7 4.1M 0 
-64 5 7 4.5M 0 
-64 5 7 4.3M 0 
-63 3 7 3.1M 0 
-64 2 7 2.4M 0 
-63 3 7 3.4M 0 
-64 5 7 4.1M 0 
-65 4 7 3.9M 0 
-64 4 7 4.1M 0 
-63 5 7 4.2M 0 
-63 5 7 4.5M 0 
-63 5 7 4.5M 0 
-62 5 7 4.2M 0 
-62 5 7 4.5M 1 
-62 5 7 4.2M 0 
-62 5 7 4.3M 1 
-62 5 7 4.5M 1 
-63 5 8 4.4M 0 
-62 2 7 2.5M 0 
-62 2 7 2.5M 0 
-63 4 7 4.0M 0 
-62 5 7 4.2M 0 
-62 4 7 4.0M 0 
-62 3 7 2.8M 0 
-63 3 7 3.3M 0 
-63 5 7 4.3M 0 
-62 4 7 4.1M 0 
-62 5 7 4.3M 0 
-62 5 7 4.3M 0 
-63 5 7 4.7M 1 
-64 5 7 4.3M 0 
-63 5 7 4.2M 0 
-63 5 7 4.2M 0 
-64 5 7 4.1M 0 
-63 4 7 3.9M 0 
-62 3 7 3.4M 0 
-63 2 7 2.3M 0 
-63 4 7 3.7M 0 
-64 4 7 3.8M 0 
-63 5 7 4.2M 0 
-63 2 7 2.5M 0 
-64 2 7 2.2M 0 
-63 2 7 2.5M 0 
-64 2 7 2.5M 0 
-63 5 7 4.1M 0 
-64 4 7 4.1M 0 
-64 5 7 4.2M 0 
-63 5 7 3.6M 7 
-65 2 7 2.7M 0 
-63 4 7 4.1M 0 
-63 5 7 4.2M 0 
-64 5 7 4.0M 1 
-65 4 7 3.9M 0 
-64 5 7 4.1M 1 
-63 4 7 3.5M 0 
-63 4 7 3.8M 1 
-64 5 7 4.1M 2 
-64 4 7 3.6M 0 
-62 5 7 4.2M 0 
-61 5 8 4.4M 0 
-62 3 7 3.2M 0 
-65 4 7 4.1M 0 
-66 4 7 4.0M 0 
-66 4 7 3.8M 1 
-65 4 7 3.9M 0 
-65 3 7 2.4M 7 
-64 4 7 3.9M 0 
-65 4 7 4.0M 1 
-64 3 7 3.3M 2 
-65 2 7 2.6M 0 
-65 4 7 3.5M 0 
-66 4 7 3.6M 0 
-65 2 7 2.3M 0 
-65 2 7 2.1M 0 
-65 2 7 2.3M 0 
-61 0 15 975k 0 
-52 0 28 0.0 -52 0 28 0.0 -52 0 28 0.0 -52 0 28 0.0 -52 0 28 0.0 -52 0 28 0.0 -53 0 27 0.0 -52 0 27 0.0 -52 0 28 0.0 -51 0 28 0.0 -53 0 27 0.0 -53 0 27 0.0 -53 0 27 0.0 -52 0 28 0.0 