RSRP (dB) | MCS | SINR (dB) | DL Brate (bps) | BLER (%)
--------------------------------------------------------------------------
-67 3 7 3.0M 1 
-68 4 7 3.8M 0 
-68 4 7 3.9M 1 
-67 5 7 4.1M 2 
-67 5 7 4.2M 4 
-68 4 6 3.8M 3 
-67 5 7 4.5M 4 
-68 4 6 3.8M 5 
-70 4 6 3.4M 4 
-68 4 7 3.7M 2 
-69 4 6 3.8M 0 
-69 4 7 3.8M 1 
-69 4 6 3.8M 1 
-69 4 6 3.8M 2 
-68 4 7 3.7M 3 
-67 4 7 3.8M 3 
-69 4 6 3.7M 1 
-70 4 6 3.7M 1 
-68 5 7 4.0M 1 
-69 5 6 4.1M 2 
-68 6 7 4.9M 2 
-68 5 7 4.5M 3 
-67 5 7 4.2M 2 
-67 4 7 4.0M 1 
-69 4 6 3.3M 3 
-68 4 7 3.7M 3 
-68 4 7 3.7M 0 
-67 4 7 3.8M 3 
-68 4 7 3.8M 0 
-68 4 7 3.9M 0 
-68 4 7 3.1M 5 
-67 1 7 1.7M 0 
-67 2 7 2.1M 0 
-68 4 7 3.7M 1 
-67 4 7 3.9M 1 
-68 4 7 3.5M 4 
-67 2 7 2.0M 4 
-67 3 7 3.1M 0 
-67 4 7 3.6M 3 
-68 4 7 3.5M 2 
-68 3 7 2.8M 2 
-69 2 6 2.6M 1 
-68 2 7 2.4M 1 
-68 3 7 3.2M 0 
-69 4 7 3.8M 2 
-69 4 6 3.8M 2 
-69 4 7 3.8M 2 
-68 4 7 3.8M 2 
-68 4 7 3.8M 3 
-69 4 7 3.8M 1 
-70 2 6 1.8M 6 
-70 2 6 2.1M 0 
-70 2 6 2.2M 0 
-71 3 6 2.9M 2 
-70 2 6 2.6M 1 
-70 3 6 2.8M 1 
-71 3 6 2.7M 0 
-71 2 6 2.2M 0 
-70 3 6 3.0M 2 
-70 3 6 2.7M 1 
-70 3 6 2.7M 1 
-68 4 6 3.7M 2 
-69 4 6 3.8M 0 
-68 4 7 3.9M 3 
-69 4 7 3.8M 1 
-68 4 7 3.9M 1 
-68 4 7 3.8M 1 
-68 4 7 3.8M 3 
-68 4 7 3.7M 2 
-67 4 7 3.7M 0 
-67 4 7 3.9M 1 
-68 4 7 3.8M 3 
-67 4 7 3.9M 2 
-68 4 7 3.9M 1 
-67 4 7 3.9M 2 
-67 4 7 3.8M 1 
-67 5 7 3.8M 5 
-68 4 7 3.8M 1 
-68 4 7 3.8M 5 
-68 4 7 3.5M 3 
-68 4 7 3.7M 3 
-68 4 7 3.5M 2 
-67 3 7 3.2M 1 
-67 4 7 3.8M 0 
-67 4 7 3.8M 0 
-68 4 7 3.8M 2 
-68 4 7 3.8M 2 
-68 4 7 3.8M 3 
-67 4 7 3.8M 3 
-67 4 7 3.9M 2 
-68 4 7 3.8M 0 
-68 4 7 3.8M 1 
-67 4 7 3.9M 1 
-67 4 7 3.8M 2 
-67 4 7 3.8M 3 
-68 4 7 3.8M 1 
-68 4 7 3.1M 6 
-68 4 7 3.4M 3 
-67 4 7 3.5M 2 
-68 4 7 3.5M 3 
-67 4 7 3.7M 1 
-67 4 7 3.9M 2 
-67 5 7 3.1M 5 
-68 2 7 2.3M 0 
-68 4 7 3.8M 1 
-69 3 6 2.3M 4 
-68 1 7 1.8M 2 
-68 2 6 2.1M 0 
-67 3 7 2.9M 0 
-68 4 7 3.9M 0 
-68 5 7 4.4M 3 
-68 5 6 4.2M 4 
-68 5 7 4.2M 1 
-67 6 7 5.3M 2 
-68 6 7 4.9M 4 
-68 6 7 4.9M 2 
-68 6 7 5.1M 3 
-69 6 6 4.8M 2 
-69 5 6 4.4M 1 
-69 5 6 4.4M 1 
-68 4 7 4.0M 0 
-68 6 6 5.0M 2 
-65 6 13 2.8M 2 
-58 0 22 0.0 -56 0 23 0.0 