RSRP (dB) | MCS | SINR (dB) | DL Brate (bps) | BLER (%)
--------------------------------------------------------------------------
-68 4 7 3.9M 2 
-67 4 7 3.8M 3 
-67 4 7 3.8M 3 
-67 4 7 3.9M 3 
-68 5 7 4.1M 4 
-70 4 6 3.8M 2 
-69 5 6 3.9M 3 
-68 5 7 4.0M 3 
-68 4 7 3.9M 2 
-68 4 7 3.9M 1 
-67 5 7 3.9M 5 
-67 5 7 4.2M 2 
-67 5 7 4.1M 2 
-67 5 7 3.9M 5 
-67 4 7 3.9M 0 
-68 4 7 3.9M 2 
-69 5 6 4.2M 3 
-68 5 7 4.0M 3 
-68 5 7 4.2M 2 
-68 5 7 4.0M 2 
-68 4 7 3.9M 4 
-67 4 7 3.9M 3 
-68 4 7 3.8M 0 
-68 4 7 3.8M 3 
-68 4 7 4.0M 1 
-68 5 7 4.1M 4 
-69 4 6 3.8M 4 
-69 4 6 3.7M 4 
-66 4 7 3.9M 0 
-66 5 7 4.6M 2 
-66 5 7 4.4M 3 
-65 4 7 3.8M 3 
-66 4 7 3.9M 2 
-65 5 7 4.0M 4 
-65 4 7 3.8M 4 
-65 4 7 3.9M 3 
-65 4 7 3.9M 4 
-65 4 7 3.8M 5 
-66 4 7 3.9M 4 
-66 4 7 4.0M 0 
-66 5 7 4.5M 1 
-66 6 7 4.1M 7 
-66 4 7 3.9M 1 
-66 5 7 4.1M 1 
-67 6 7 5.0M 4 
-66 4 7 4.0M 2 
-66 5 7 4.3M 3 
-67 5 7 4.7M 3 
-66 5 7 4.2M 4 
-66 5 7 4.1M 3 
-66 4 7 3.8M 5 
-66 4 7 3.9M 2 
-66 4 7 3.8M 5 
-66 4 7 3.8M 2 
-67 4 7 3.9M 2 
-66 4 7 3.9M 0 
-67 5 7 3.9M 4 
-67 4 7 3.9M 0 
-67 5 7 4.2M 2 
-67 4 7 3.9M 3 
-66 4 7 3.8M 3 
-66 4 7 3.9M 2 
-67 6 7 4.8M 3 
-67 5 7 4.2M 3 
-66 4 7 3.9M 3 
-66 5 7 3.9M 5 
-66 4 7 3.8M 2 
-66 5 7 4.2M 3 
-65 5 7 4.5M 4 
-65 5 7 4.1M 4 
-66 3 7 3.0M 5 
-67 4 7 3.8M 0 
-67 4 7 3.9M 0 
-66 5 7 4.0M 3 
-65 5 7 4.0M 4 
-66 4 7 3.9M 4 
-66 4 7 3.7M 7 
-65 4 7 3.4M 2 
-65 4 7 2.4M 5 
-65 2 7 2.3M 1 
-66 2 7 2.3M 1 
-66 2 7 2.1M 0 
-66 2 7 2.4M 0 
-66 3 7 2.8M 2 
-66 4 7 3.5M 2 
-66 3 7 3.2M 2 
-66 3 7 2.8M 3 
-66 2 7 2.2M 3 
-66 2 7 2.5M 1 
-66 3 7 2.8M 1 
-66 4 7 2.4M 7 
-66 2 7 2.4M 0 
-66 2 7 2.4M 0 
-65 2 7 2.5M 1 
-65 2 7 2.3M 2 
-65 2 7 2.4M 0 
-65 4 7 3.5M 2 
-65 3 7 3.1M 2 
-65 3 7 3.0M 1 
-65 4 7 3.8M 2 
-65 4 7 4.0M 1 
-65 5 7 3.8M 6 
-65 3 7 3.0M 4 
-65 4 7 3.3M 2 
-66 4 7 3.9M 2 
-66 4 7 4.0M 1 
-66 4 7 3.9M 2 
-65 4 7 3.8M 3 
-65 5 7 4.1M 2 
-66 5 7 4.2M 2 
-66 5 7 4.5M 3 
-65 5 7 4.2M 3 
-66 5 7 4.2M 4 
-66 5 7 4.1M 1 
-66 5 7 4.0M 2 
-66 4 7 3.9M 2 
-66 5 7 4.0M 4 
-66 5 7 4.0M 3 
-66 5 7 3.9M 3 
-66 4 7 3.9M 3 
-66 5 7 4.0M 2 
-66 4 7 4.0M 2 
-66 4 7 3.9M 2 
-58 5 21 976k 1 
-56 0 25 0.0 -55 0 25 0.0 