-45 45 668 12 14 10M 4 
-45 45 684 12 14 10M 4 
-46 46 651 12 14 10M 3 
-45 45 662 12 14 10M 4 
-46 46 670 12 14 10M 4 
-46 46 674 12 14 11M 4 
-46 46 684 12 14 10M 4 
-46 46 678 12 14 11M 5 
-46 46 656 12 14 10M 4 
-46 46 661 12 14 10M 5 
-46 46 682 12 14 10M 4 
-45 45 638 12 14 10M 4 
-45 45 669 12 14 10M 4 
-45 45 661 12 14 10M 5 
-46 46 671 12 14 10M 4 
-46 46 692 12 14 10M 4 
-46 46 665 12 14 11M 4 
-46 46 662 12 14 10M 4 
-46 46 661 13 14 11M 4 
-46 46 663 12 14 11M 4 
-46 46 677 12 14 10M 3 
-48 48 695 10 13 8.2M 6 
-47 47 637 10 13 7.9M 6 
-47 47 681 10 13 7.9M 5 
-48 48 667 10 13 8.0M 4 
-48 48 657 9 13 7.6M 5 
-48 48 665 9 13 7.3M 4 
-48 48 683 9 13 7.3M 4 
-48 48 660 9 13 7.3M 4 
-48 48 675 9 13 7.2M 4 
-48 48 666 8 12 7.1M 3 
-48 48 674 9 12 7.1M 4 
-48 48 664 9 13 7.4M 4 
-48 48 655 9 13 7.5M 3 
-48 48 671 9 13 7.3M 4 
-47 47 662 10 13 7.8M 3 
-47 47 655 10 13 7.7M 4 
-48 48 659 9 13 7.3M 4 
-48 48 682 10 13 7.8M 4 
-48 48 677 9 12 7.3M 4 
-47 47 673 9 13 7.3M 4 
-48 48 685 9 13 7.6M 4 
-48 48 664 10 13 7.9M 4 
-48 48 681 8 12 6.9M 4 
-47 47 661 10 13 8.0M 4 
-48 48 679 9 12 7.4M 4 
-48 48 660 9 13 7.4M 4 
-48 48 673 9 12 7.1M 4 
-48 48 667 9 12 7.2M 4 
-48 48 678 10 13 7.8M 4 
-48 48 663 9 12 7.0M 4 
-48 48 671 9 13 7.3M 4 
-48 48 671 9 13 7.0M 5 
-48 48 653 9 13 7.4M 4 
-48 48 690 9 13 7.6M 4 
-48 48 663 9 13 7.4M 4 
-48 48 667 9 12 7.6M 4 
-48 48 674 9 12 7.4M 4 
-47 47 662 9 13 7.6M 4 
-48 48 678 8 13 6.9M 4 
-48 48 680 9 12 7.4M 3 
-48 48 677 9 12 7.2M 4 
-48 48 662 9 13 7.3M 4 
-48 48 665 9 12 7.5M 4 
-48 48 687 9 12 7.1M 4 
-48 48 669 9 13 7.2M 4 
-48 48 680 9 13 7.4M 4 
-48 48 666 9 13 7.4M 4 
-48 48 671 9 13 7.5M 4 
-48 48 645 10 13 8.0M 4 
-48 48 671 10 13 7.9M 4 
-48 48 676 9 13 7.3M 4 
-48 48 682 10 13 7.7M 4 
-48 48 657 9 12 7.1M 4 
-48 48 681 10 13 7.7M 4 
-48 48 658 9 12 7.5M 4 
-48 48 650 9 13 7.6M 4 
-48 48 672 9 12 7.5M 5 
-48 48 679 9 12 7.1M 4 
-48 48 667 10 13 7.8M 4 
-48 48 670 9 13 7.6M 4 
-48 48 669 9 13 7.1M 4 
-48 48 667 9 12 7.3M 4 
-48 48 664 9 13 7.2M 4 
-48 48 652 8 12 6.9M 4 
-48 48 659 9 13 7.4M 4 
-48 48 665 9 12 7.4M 4 
-48 48 671 9 13 7.2M 4 
-48 48 680 9 12 7.4M 4 
-48 48 654 10 13 7.9M 4 
-48 48 660 9 12 7.7M 4 
-48 48 668 10 13 7.8M 4 
-48 48 668 10 13 7.6M 4 
-48 48 655 8 12 6.9M 5 
-48 48 670 9 13 7.6M 4 
-48 48 682 9 13 7.6M 4 
-48 48 674 9 12 7.6M 5 
-48 48 666 8 12 6.8M 4 
-48 48 668 10 13 7.9M 4 
-48 48 652 8 13 7.0M 4 
-45 45 660 8 27 1.8M 3 
