-42 42 607 12 14 10M 4 
-42 42 609 12 14 10M 5 
-42 42 612 12 14 10M 4 
-42 42 615 12 14 10M 5 
-42 42 598 12 14 10M 5 
-42 42 616 12 14 10M 5 
-42 42 595 12 14 10M 4 
-42 42 612 12 14 10M 5 
-42 42 592 12 14 10M 4 
-42 42 596 12 14 10M 5 
-42 42 603 12 14 9.9M 4 
-42 42 600 12 14 10M 4 
-42 42 596 12 14 10M 5 
-42 42 616 12 14 10M 4 
-42 42 605 12 14 10M 5 
-42 42 609 12 14 10M 4 
-42 42 603 12 14 10M 5 
-42 42 608 12 14 10.0M 4 
-42 42 607 12 14 9.9M 4 
-42 42 606 12 14 10M 5 
-42 42 590 12 14 10M 5 
-42 42 594 12 14 10M 5 
-42 42 620 12 14 10M 4 
-42 42 590 12 14 10M 4 
-42 42 607 12 14 10M 4 
-42 42 622 12 14 10M 6 
-42 42 617 12 14 10.0M 4 
-42 42 620 12 14 10M 5 
-42 42 601 12 14 10M 4 
-42 42 593 12 14 10M 5 
-42 42 613 12 14 10M 4 
-42 42 604 12 14 10M 5 
-42 42 598 12 14 10M 4 
-42 42 609 12 14 10M 5 
-42 42 587 12 14 10M 4 
-42 42 593 12 14 10M 4 
-42 42 615 12 14 10M 5 
-42 42 616 12 14 10M 4 
-42 42 617 12 14 10M 4 
-42 42 610 12 14 10M 4 
-42 42 597 12 14 10M 4 
-42 42 594 12 14 10M 5 
-42 42 606 12 14 10M 4 
-42 42 609 12 14 9.9M 5 
-42 42 609 12 14 10.0M 4 
-42 42 585 12 14 10M 4 
-42 42 622 12 14 10M 4 
-42 42 607 12 14 10M 5 
-42 42 599 12 14 10M 4 
-42 42 596 12 14 9.8M 4 
-42 42 605 12 14 10M 5 
-42 42 618 12 14 10M 4 
-42 42 617 12 14 10M 5 
-42 42 601 12 14 10M 4 
-42 42 610 12 14 10M 5 
-42 42 597 12 14 10M 4 
-42 42 612 12 14 10M 5 
-42 42 595 12 14 10M 5 
-42 42 622 12 14 11M 4 
-42 42 598 12 14 10M 5 
-42 42 601 12 14 10M 4 
-42 42 613 12 14 10M 5 
-42 42 620 12 14 10M 4 
-42 42 602 12 14 10M 5 
-42 42 594 12 14 10M 4 
-42 42 624 12 14 10M 4 
-42 42 596 12 14 10M 5 
-41 41 607 12 14 9.9M 4 
-42 42 601 12 14 10M 5 
-42 42 612 12 14 10M 5 
-42 42 594 12 14 10M 5 
-42 42 603 12 14 10M 5 
-42 42 601 12 14 10.0M 4 
-42 42 622 12 14 10M 5 
-42 42 607 12 14 10M 4 
-42 42 603 12 14 10M 5 
-42 42 602 12 14 10M 4 
-42 42 626 12 14 10M 5 
-42 42 590 12 14 10M 5 
-42 42 617 12 14 10M 4 
-42 42 589 12 14 10M 5 
-42 42 609 12 14 10M 4 
-42 42 603 12 14 10M 4 
-42 42 598 12 14 9.9M 5 
-42 42 591 13 14 11M 4 
-42 42 604 12 14 10M 5 
-42 42 614 12 14 10M 5 
-42 42 597 12 14 10M 4 
-42 42 602 12 14 10M 5 
-42 42 621 12 14 10M 4 
-42 42 586 12 14 10M 5 
-42 42 620 12 14 11M 5 
-42 42 593 12 14 10M 5 
-42 42 603 12 14 10M 4 
-42 42 611 12 14 10M 5 
-42 42 593 12 14 10M 4 
-41 41 599 12 17 8.5M 5 
