-61 61 662 5 7 4.9M 0 
-60 60 675 7 7 5.3M 6 
-59 59 681 6 7 4.8M 5 
-59 59 668 6 7 5.0M 4 
-61 61 662 6 7 5.5M 2 
-61 61 702 7 7 5.1M 7 
-60 60 663 6 7 5.2M 3 
-62 62 670 6 7 5.3M 4 
-60 60 674 7 7 5.1M 7 
-60 60 684 6 7 5.0M 3 
-59 59 665 6 7 5.0M 5 
-61 61 672 6 7 5.0M 4 
-59 59 669 6 7 4.9M 5 
-59 59 666 6 7 4.7M 4 
-59 59 662 6 7 4.9M 3 
-62 62 677 6 7 5.2M 4 
-62 62 655 6 7 5.0M 3 
-61 61 679 7 7 5.3M 7 
-60 60 659 6 7 4.9M 4 
-61 61 668 6 7 5.2M 5 
-62 62 684 6 7 4.6M 4 
-61 61 663 6 7 5.1M 4 
-59 59 683 6 7 5.0M 4 
-60 60 673 6 7 5.1M 3 
-60 60 669 6 7 4.8M 5 
-61 61 667 6 7 4.6M 5 
-61 61 658 6 7 5.2M 1 
-60 60 685 6 7 4.8M 8 
-61 61 679 6 7 4.7M 4 
-61 61 675 6 7 4.8M 4 
-61 61 677 5 7 4.7M 2 
-61 61 663 6 7 5.1M 3 
-60 60 666 6 7 4.8M 6 
-61 61 678 6 7 4.7M 4 
-62 62 687 6 7 5.1M 5 
-63 63 667 6 7 5.1M 4 
-61 61 677 6 7 5.2M 5 
-62 62 679 6 7 5.1M 3 
-61 61 674 7 7 5.4M 4 
-62 62 659 6 7 4.6M 6 
-61 61 670 6 7 5.1M 4 
-61 61 691 6 7 4.8M 3 
-61 61 664 6 7 5.1M 5 
-61 61 654 6 7 5.3M 4 
-61 61 673 6 7 4.9M 4 
-61 61 661 6 7 5.0M 5 
-62 62 666 6 7 5.1M 3 
-62 62 674 6 7 4.8M 6 
-61 61 680 6 7 5.2M 4 
-61 61 668 6 7 5.1M 3 
-61 61 669 7 7 5.4M 4 
-61 61 670 6 7 4.9M 4 
-61 61 683 6 7 5.2M 5 
-61 61 674 6 7 4.9M 5 
-61 61 664 6 7 4.8M 4 
-61 61 664 6 7 4.9M 5 
-61 61 670 6 7 4.9M 4 
-61 61 667 6 7 4.8M 4 
-62 62 673 6 7 5.3M 2 
-61 61 658 6 7 4.8M 6 
-61 61 665 6 7 4.9M 5 
-61 61 686 6 7 5.0M 3 
-60 60 685 6 7 4.8M 5 
-60 60 681 6 7 5.0M 6 
-61 61 665 6 7 5.0M 4 
-61 61 656 6 7 4.9M 5 
-59 59 698 6 7 5.2M 4 
-60 60 657 6 7 4.7M 5 
-60 60 661 6 7 4.9M 3 
-61 61 664 6 7 5.0M 5 
-61 61 678 6 7 4.7M 4 
-60 60 664 6 7 4.9M 3 
-60 60 686 6 7 5.0M 5 
-61 61 673 5 7 4.5M 4 
-61 61 671 6 7 4.9M 4 
-60 60 711 6 7 4.7M 4 
-61 61 663 6 7 5.2M 4 
-61 61 662 6 7 5.0M 3 
-60 60 678 6 7 4.9M 4 
-61 61 681 6 7 5.1M 4 
-61 61 668 6 7 5.1M 5 
-61 61 673 6 7 4.8M 4 
-61 61 712 6 7 5.0M 4 
-61 61 650 6 7 5.2M 3 
-61 61 669 6 7 4.8M 5 
-61 61 649 6 7 5.1M 4 
-61 61 686 7 7 5.4M 4 
-60 60 674 6 7 4.8M 5 
-60 60 677 6 7 4.9M 4 
-60 60 677 6 7 4.7M 4 
-61 61 662 6 7 4.7M 4 
-60 60 685 6 7 4.9M 5 
-59 59 682 6 7 4.8M 4 
-60 60 669 6 7 4.8M 5 
-60 60 676 6 7 4.7M 3 
-59 59 666 6 7 4.9M 4 
-59 59 664 6 7 5.1M 5 
-60 60 675 6 7 5.1M 4 
-59 59 693 6 7 5.1M 4 
-60 60 683 6 7 4.8M 5 
-60 60 684 6 7 4.9M 5 
-49 49 644 4 28 129k 0 
