-58 58 667 1 7 2.2M 0 
-58 58 674 3 7 3.2M 0 
-58 58 691 5 7 4.3M 1 
-58 58 686 6 7 4.7M 5 
-58 58 665 6 7 4.8M 4 
-58 58 672 6 7 4.7M 4 
-58 58 676 6 7 5.0M 3 
-58 58 661 6 7 5.1M 5 
-58 58 667 6 7 4.9M 4 
-58 58 682 6 7 4.9M 3 
-58 58 682 6 7 5.2M 5 
-58 58 686 6 7 5.0M 3 
-58 58 675 6 7 5.1M 4 
-58 58 668 7 7 5.4M 4 
-58 58 687 6 7 5.1M 4 
-58 58 688 6 7 4.9M 6 
-58 58 682 6 7 5.1M 2 
-58 58 673 6 7 5.1M 6 
-58 58 685 6 7 4.8M 4 
-58 58 674 6 7 4.7M 4 
-58 58 684 7 7 5.2M 6 
-58 58 668 5 7 4.4M 5 
-58 58 687 6 7 4.7M 4 
-58 58 695 5 7 4.2M 5 
-58 58 685 6 7 5.0M 4 
-58 58 678 5 7 4.5M 3 
-58 58 683 6 7 5.0M 3 
-58 58 707 6 7 5.0M 6 
-57 57 674 6 7 4.6M 4 
-57 57 685 6 7 5.1M 4 
-58 58 711 6 7 5.0M 3 
-57 57 699 6 7 5.0M 3 
-57 57 673 7 7 5.2M 6 
-58 58 659 6 7 5.4M 2 
-57 57 689 6 7 5.1M 5 
-57 57 701 6 7 4.7M 6 
-57 57 679 6 7 4.7M 4 
-57 57 707 6 7 4.7M 4 
-58 58 671 5 7 4.5M 4 
-58 58 726 6 7 4.6M 5 
-58 58 678 6 7 4.9M 4 
-58 58 696 6 7 4.9M 3 
-57 57 672 6 7 4.9M 4 
-58 58 693 7 7 4.2M 9 
-57 57 673 5 7 4.3M 0 
-58 58 671 7 7 5.4M 4 
-58 58 707 6 7 5.1M 3 
-58 58 667 6 7 5.1M 6 
-57 57 691 6 7 5.4M 1 
-57 57 666 6 7 5.0M 7 
-58 58 678 7 7 5.1M 8 
-58 58 694 5 7 4.4M 2 
-58 58 691 6 7 4.9M 4 
-57 57 674 7 7 5.4M 5 
-58 58 684 6 7 4.8M 4 
-58 58 676 6 7 5.2M 2 
-58 58 678 6 7 5.2M 5 
-58 58 684 6 7 5.2M 5 
-58 58 694 6 7 4.8M 5 
-58 58 663 6 7 5.1M 5 
-58 58 701 6 7 4.7M 4 
-57 57 664 6 7 4.6M 4 
-58 58 707 6 7 5.3M 3 
-57 57 657 6 7 4.7M 4 
-58 58 694 6 7 5.2M 5 
-58 58 658 6 7 5.0M 4 
-57 57 715 6 7 4.7M 4 
-57 57 649 6 7 5.2M 4 
-57 57 658 6 7 5.1M 5 
-57 57 670 6 7 4.8M 4 
-57 57 691 5 7 4.6M 3 
-57 57 676 6 7 5.4M 3 
-57 57 684 6 7 5.2M 4 
-58 58 665 7 7 5.2M 5 
-58 58 681 6 7 5.2M 3 
-58 58 684 6 7 4.9M 5 
-57 57 670 6 7 5.3M 4 
-57 57 682 6 7 4.9M 4 
-58 58 674 6 7 4.9M 5 
-58 58 663 5 7 4.4M 4 
-58 58 682 6 7 4.8M 4 
-58 58 685 6 7 4.9M 5 
-58 58 687 6 7 5.1M 4 
-57 57 669 6 7 4.9M 5 
-58 58 670 6 7 5.0M 3 
-58 58 696 6 7 5.0M 2 
-58 58 675 6 7 4.9M 5 
-58 58 660 6 7 4.9M 5 
-58 58 679 6 7 4.8M 4 
-58 58 681 6 7 5.2M 1 
-58 58 658 6 7 4.9M 7 
-57 57 711 6 7 4.7M 5 
-57 57 657 5 7 4.6M 3 
-57 57 670 7 7 5.4M 4 
-57 57 680 6 7 5.2M 2 
-58 58 665 7 7 5.1M 7 
-57 57 694 6 7 4.7M 3 
-58 58 673 6 7 5.0M 5 
-57 57 674 6 7 4.8M 3 
-58 58 674 6 7 4.6M 5 
-58 58 690 6 7 4.8M 4 
-56 56 676 6 10 4.0M 4 
