RSRP (dB) | MCS | SINR (dB) | DL Brate (bps) | BLER (%)
--------------------------------------------------------------------------
-54 1 8 1.7M 0 
-53 1 8 1.9M 0 
-53 2 8 2.1M 0 
-53 2 8 2.1M 0 
-53 4 8 3.5M 0 
-53 4 8 3.7M 0 
-53 5 9 4.2M 0 
-53 4 8 3.7M 0 
-52 4 9 3.9M 0 
-53 3 8 2.9M 0 
-54 1 8 1.7M 0 
-53 0 8 1.6M 0 
-52 0 9 1.7M 0 
-53 0 9 1.5M 0 
-53 0 9 1.5M 0 
-53 0 9 1.6M 0 
-52 0 8 1.5M 0 
-54 0 8 1.5M 0 
-52 1 8 1.8M 0 
-53 0 8 1.6M 0 
-53 0 8 1.6M 0 
-53 0 9 1.5M 0 
-54 0 9 1.4M 0 
-53 0 8 1.5M 0 
-54 1 8 1.9M 0 
-51 0 17 880k 0 
-46 1 31 0.0 -45 1 32 4.7k 0 
-52 7 17 2.1M 16 
-55 1 8 1.6M 2 
-54 1 8 1.3M 0 
-55 0 8 1.4M 0 
-57 0 8 1.4M 0 
-55 0 8 1.4M 0 
-55 2 8 1.4M 5 
-57 1 8 1.3M 0 
-55 0 8 1.4M 0 
-55 0 8 1.4M 0 
-52 2 18 931k 5 
-55 2 8 1.6M 0 
-55 0 8 1.7M 0 
-54 4 8 3.6M 0 
-54 3 8 3.4M 0 
-53 6 8 5.4M 0 
-56 3 8 3.2M 0 
-55 2 8 2.6M 0 
-55 3 8 2.9M 0 
-55 2 8 2.7M 0 
-55 4 8 2.9M 5 
-55 3 8 3.1M 0 
-55 3 8 3.0M 0 
-57 5 8 4.2M 0 
-55 5 8 4.5M 0 
-54 4 8 3.7M 0 
-54 4 8 4.1M 0 
-54 4 8 3.9M 0 
-55 3 8 3.2M 0 
-55 3 8 2.9M 0 
-55 2 8 2.7M 0 
-54 4 9 3.2M 0 
-46 11 31 504 0 
-46 0 32 0.0 -46 0 32 0.0 -46 0 32 0.0 