RSRP (dB) | MCS | SINR (dB) | DL Brate (bps) | BLER (%)
--------------------------------------------------------------------------
-61 6 7 4.9M 3 
-62 6 7 4.3M 4 
-62 6 7 4.7M 3 
-62 6 7 4.7M 4 
-62 6 7 4.4M 4 
-62 6 7 4.8M 4 
-61 6 7 5.1M 4 
-61 6 7 4.5M 4 
-61 6 7 4.2M 5 
-61 4 7 4.0M 0 
-61 5 7 4.2M 0 
-61 5 7 4.4M 0 
-61 5 7 4.6M 0 
-61 5 7 4.5M 3 
-61 5 7 4.5M 4 
-61 6 7 4.7M 4 
-61 6 7 4.8M 4 
-61 5 7 4.4M 4 
-61 6 7 4.7M 3 
-62 6 7 5.1M 2 
-62 6 7 5.0M 3 
-62 5 7 4.4M 1 
-62 5 7 4.2M 0 
-62 5 7 4.6M 3 
-61 5 7 4.5M 3 
-62 5 7 4.6M 2 
-62 4 7 3.8M 1 
-61 5 7 4.2M 0 
-62 5 7 4.5M 1 
-62 5 7 4.6M 2 
-62 6 7 4.6M 4 
-62 6 7 4.9M 4 
-62 5 7 4.5M 2 
-62 6 7 4.9M 3 
-61 5 7 3.6M 5 
-62 5 7 4.3M 0 
-61 5 7 4.3M 0 
-61 6 7 5.0M 2 
-61 6 7 4.9M 3 
-61 6 7 4.8M 3 
-61 6 7 4.9M 2 
-61 5 7 4.7M 1 
-61 5 7 4.7M 2 
-61 6 7 4.5M 7 
-62 5 7 4.4M 0 
-61 5 7 4.4M 0 
-62 4 8 4.1M 0 
-62 4 7 3.5M 0 
-62 5 7 4.3M 0 
-62 5 7 4.7M 1 
-61 5 7 4.5M 3 
-62 5 7 4.7M 1 
-62 4 7 3.8M 0 
-62 4 7 4.1M 0 
-62 5 7 4.5M 2 
-62 6 7 4.6M 3 
-62 5 7 4.5M 2 
-62 5 7 4.6M 1 
-62 5 7 4.6M 3 
-58 6 15 2.8M 3 
-50 0 30 0.0 