-25 25 668 27 31 9.8M 0 
-25 25 672 27 31 11M 0 
-25 25 669 27 31 10M 0 
-25 25 667 27 30 11M 0 
-25 25 656 27 31 10M 0 
-25 25 672 27 30 10M 0 
-25 25 683 27 31 11M 0 
-26 26 641 27 30 10M 0 
-26 26 664 27 30 11M 0 
-26 26 667 27 31 9.8M 0 
-25 25 659 27 31 11M 0 
-26 26 688 27 31 9.8M 0 
-26 26 660 27 30 11M 0 
-25 25 658 27 31 9.8M 0 
-25 25 671 27 30 11M 0 
-25 25 644 27 31 10M 0 
-25 25 671 27 30 11M 0 
-25 25 655 27 31 10M 0 
-25 25 658 27 30 10M 0 
-25 25 663 27 30 11M 0 
-25 25 664 27 30 10M 0 
-25 25 661 27 30 11M 0 
-25 25 681 27 30 9.9M 0 
-25 25 681 27 30 11M 0 
-25 25 672 27 31 9.8M 0 
-25 25 658 27 31 11M 0 
-25 25 673 27 31 9.8M 0 
-25 25 672 27 30 11M 0 
-25 25 679 27 31 10.0M 0 
-25 25 671 27 30 11M 0 
-25 25 670 27 31 10M 0 
-25 25 664 27 30 11M 0 
-25 25 650 27 30 11M 0 
-25 25 675 27 30 10M 0 
-25 25 670 27 31 11M 0 
-25 25 679 27 31 10.0M 0 
-25 25 654 27 30 11M 0 
-25 25 674 27 31 9.8M 0 
-25 25 651 27 30 11M 0 
-25 25 647 27 30 9.8M 0 
-25 25 660 27 30 11M 0 
-26 26 658 27 31 9.9M 0 
-26 26 666 27 30 11M 0 
-26 26 672 27 31 10M 0 
-26 26 675 27 30 11M 0 
-25 25 683 27 31 10M 0 
-25 25 655 27 30 10M 0 
-25 25 685 27 31 11M 0 
-25 25 682 27 31 10M 0 
-26 26 655 27 30 11M 0 
-26 26 664 27 31 9.8M 0 
-26 26 665 27 31 11M 0 
-25 25 656 27 31 9.8M 0 
-26 26 654 27 30 11M 0 
-26 26 672 27 31 9.8M 0 
-26 26 654 27 31 11M 0 
-26 26 677 27 31 10M 0 
-25 25 672 27 30 11M 0 
-25 25 660 27 31 10M 0 
-25 25 666 27 30 10M 0 
-26 26 676 27 31 11M 0 
-26 26 647 27 31 10M 0 
-26 26 672 27 30 11M 0 
-26 26 649 27 30 9.9M 0 
-26 26 672 27 30 11M 0 
-26 26 655 27 31 9.9M 0 
-26 26 686 27 31 11M 0 
-26 26 661 27 31 9.9M 0 
-26 26 670 27 30 11M 0 
-25 25 660 27 31 10M 0 
-25 25 676 27 31 11M 0 
-25 25 673 27 31 10M 0 
-25 25 668 27 30 11M 0 
-26 26 663 27 30 11M 0 
-26 26 661 27 30 10M 0 
-26 26 659 27 31 11M 0 
-26 26 656 27 31 9.9M 0 
-26 26 646 27 30 11M 0 
-26 26 660 27 31 9.8M 0 
-25 25 676 27 30 11M 0 
-26 26 653 27 31 9.9M 0 
-25 25 667 27 31 11M 0 
-25 25 681 27 31 9.9M 0 
-25 25 666 27 31 11M 0 
-25 25 660 27 31 10M 0 
-26 26 689 27 30 11M 0 
-26 26 640 27 31 10M 0 
-26 26 672 27 30 10M 0 
-26 26 670 27 31 11M 0 
-26 26 662 27 31 10.0M 0 
-26 26 651 27 30 11M 0 
-25 25 661 27 31 9.9M 0 
-26 26 649 27 30 11M 0 
-26 26 666 27 31 9.8M 0 
-26 26 673 27 31 11M 0 
-26 26 677 27 31 9.8M 0 
-26 26 680 27 32 6.5M 0  
