-67 67 672 5 7 4.0M 1 
-65 65 684 5 7 4.4M 6 
-65 65 700 4 7 3.6M 5 
-62 62 671 5 7 4.4M 0 
-62 62 675 6 7 5.0M 4 
-62 62 686 6 7 4.7M 5 
-63 63 689 6 7 5.0M 5 
-64 64 683 6 7 5.2M 4 
-65 65 709 5 7 4.1M 4 
-63 63 671 6 7 4.7M 4 
-63 63 678 6 7 4.8M 5 
-64 64 709 5 7 4.5M 4 
-61 61 685 6 7 5.0M 3 
-63 63 674 5 7 4.1M 5 
-64 64 668 5 7 3.9M 5 
-64 64 681 5 7 4.5M 2 
-62 62 686 6 7 5.1M 4 
-61 61 666 6 7 4.8M 4 
-65 65 703 5 7 3.8M 5 
-65 65 697 5 7 4.1M 1 
-63 63 670 6 7 5.0M 4 
-62 62 670 6 7 5.2M 4 
-62 62 680 6 7 4.7M 5 
-62 62 669 6 7 5.1M 2 
-63 63 687 6 7 4.5M 5 
-61 61 670 6 7 5.0M 4 
-61 61 683 6 7 5.0M 4 
-64 64 675 6 7 5.1M 5 
-63 63 670 6 7 4.6M 4 
-65 65 691 5 7 4.5M 4 
-66 66 682 5 7 4.0M 4 
-65 65 695 5 7 3.9M 5 
-65 65 680 4 7 3.9M 2 
-65 65 667 4 7 3.9M 3 
-65 65 701 5 7 4.2M 2 
-64 64 680 6 7 4.7M 5 
-64 64 679 6 7 4.7M 4 
-64 64 668 6 7 4.7M 4 
-64 64 686 6 7 5.1M 4 
-64 64 680 6 7 4.9M 5 
-64 64 683 6 7 5.1M 4 
-64 64 705 6 7 5.2M 3 
-64 64 692 6 7 4.8M 5 
-64 64 655 6 7 4.8M 4 
-64 64 673 6 7 4.9M 4 
-64 64 659 5 7 4.7M 4 
-64 64 675 5 7 4.5M 4 
-64 64 679 6 7 5.0M 4 
-64 64 676 6 7 4.9M 4 
-64 64 671 6 7 5.1M 4 
-64 64 662 6 7 5.2M 5 
-64 64 673 6 7 4.8M 5 
-64 64 685 5 7 4.5M 3 
-64 64 683 5 7 4.5M 5 
-64 64 661 6 7 5.0M 3 
-64 64 689 6 7 5.0M 5 
-65 65 676 6 7 5.3M 5 
-65 65 673 5 7 4.3M 5 
-65 65 710 5 7 4.2M 5 
-64 64 679 5 7 4.6M 4 
-64 64 687 6 7 4.9M 4 
-64 64 669 6 7 5.0M 4 
-63 63 683 6 7 5.0M 5 
-64 64 652 5 7 4.5M 4 
-64 64 699 5 7 4.1M 4 
-64 64 696 5 7 4.1M 4 
-64 64 678 6 7 4.7M 4 
-64 64 665 6 7 4.8M 4 
-64 64 678 5 7 4.5M 4 
-65 65 670 6 7 5.1M 4 
-64 64 695 6 7 4.9M 5 
-64 64 670 5 7 4.5M 4 
-64 64 673 6 7 5.0M 5 
-64 64 699 5 7 4.3M 3 
-63 63 672 6 7 5.0M 4 
-63 63 680 6 7 4.9M 3 
-65 65 676 6 7 4.8M 5 
-65 65 669 6 7 5.2M 3 
-65 65 678 6 7 5.3M 5 
-64 64 684 6 7 5.1M 5 
-65 65 676 5 7 4.4M 4 
-65 65 712 5 7 4.4M 4 
-64 64 695 6 7 4.6M 4 
-64 64 687 5 7 4.7M 4 
-63 63 677 6 7 4.8M 4 
-63 63 651 6 7 5.0M 4 
-62 62 680 5 7 4.5M 4 
-63 63 681 6 7 4.9M 4 
-64 64 657 6 7 4.7M 4 
-62 62 686 6 7 5.0M 4 
-63 63 661 6 7 5.1M 4 
-64 64 666 6 7 5.2M 4 
-63 63 674 6 7 4.7M 5 
-62 62 676 6 7 4.6M 4 
-64 64 682 6 7 5.1M 4 
-64 64 659 6 7 5.1M 4 
-63 63 655 6 7 4.8M 5 
-65 65 693 6 7 5.3M 2 
-64 64 678 6 7 5.2M 5 
-65 65 702 6 7 5.2M 4 
-62 62 683 6 12 3.8M 4
