-69 69 706 4 6 3.7M 1 
-62 62 680 9 17 1.6M 20 
-67 67 678 4 10 2.1M 9 
-68 68 731 2 6 1.8M 0 
-69 69 709 2 6 2.2M 2 
-69 69 705 3 6 2.7M 0 
-70 70 688 4 6 3.9M 1 
-70 70 723 4 6 3.7M 1 
-68 68 717 5 7 4.4M 2 
-70 70 720 4 6 3.7M 2 
-68 68 705 5 6 4.3M 3 
-67 67 694 6 7 5.0M 4 
-69 69 700 6 6 4.7M 4 
-68 68 689 6 7 5.3M 3 
-68 68 694 5 7 4.7M 3 
-69 69 684 5 6 4.7M 3 
-68 68 685 5 7 4.6M 2 
-68 68 698 5 7 4.5M 2 
-69 69 654 6 6 5.1M 4 
-69 69 693 5 6 4.5M 4 
-69 69 690 6 6 5.0M 3 
-69 69 685 6 6 5.0M 3 
-68 68 677 6 6 5.2M 4 
-69 69 694 6 6 4.8M 4 
-68 68 697 5 6 4.6M 4 
-69 69 710 5 6 4.6M 4 
-68 68 702 5 6 4.3M 4 
-68 68 658 6 7 4.9M 4 
-68 68 704 6 7 4.9M 3 
-68 68 701 6 7 4.9M 4 
-68 68 683 6 7 5.1M 4 
-68 68 700 6 7 4.8M 4 
-68 68 688 6 7 5.3M 3 
-68 68 675 6 6 5.3M 3 
-69 69 675 6 7 5.2M 5 
-69 69 717 5 6 4.2M 3 
-68 68 730 5 6 4.7M 4 
-68 68 709 5 7 3.1M 8 
-67 67 692 4 7 3.9M 0 
-68 68 725 5 7 4.5M 4 
-69 69 696 4 6 3.9M 1 
-69 69 664 5 6 4.3M 3 
-69 69 696 5 6 4.7M 3 
-68 68 703 6 7 5.2M 4 
-68 68 716 6 7 4.8M 5 
-68 68 688 5 6 4.5M 5 
-69 69 663 5 6 4.5M 3 
-69 69 700 5 6 4.6M 5 
-69 69 707 5 6 4.1M 3 
-69 69 745 5 6 3.9M 4 
-69 69 671 5 6 4.4M 2 
-69 69 685 5 6 4.3M 4 
-69 69 694 5 6 4.3M 3 
-69 69 706 5 6 4.3M 3 
-70 70 704 5 6 4.2M 3 
-70 70 719 5 6 4.2M 3 
-69 69 667 5 6 4.4M 3 
-70 70 687 5 6 4.4M 3 
-69 69 725 4 6 3.8M 2 
-69 69 698 5 6 4.7M 4 
-69 69 680 6 6 4.7M 4 
-69 69 731 5 6 4.6M 4 
-70 70 692 6 6 4.8M 3 
-70 70 735 5 6 4.4M 4 
-70 70 687 5 6 4.4M 3 
-69 69 686 5 6 4.6M 3 
-69 69 692 5 6 4.5M 4 
-69 69 706 5 6 4.6M 4 
-70 70 709 5 6 4.4M 3 
-69 69 673 5 6 4.4M 3 
-70 70 725 4 6 3.5M 5 
-70 70 681 4 6 3.6M 1 
-70 70 694 4 6 3.9M 2 
-69 69 704 5 6 4.3M 4 
-70 70 684 5 6 4.3M 4 
-68 68 709 5 6 4.0M 5 
-69 69 673 4 6 3.5M 2 
-69 69 690 4 6 4.0M 1 
-69 69 684 5 6 4.6M 4 
-68 68 702 5 6 4.5M 4 
-68 68 674 5 6 4.5M 4 
-66 66 677 6 7 5.1M 4 
-69 69 718 5 6 4.5M 5 
-69 69 714 5 6 4.2M 3 
-68 68 696 5 6 4.7M 3 
-69 69 730 4 6 3.7M 3 
-71 71 718 4 6 3.5M 3 
-71 71 684 4 6 3.5M 4 
-70 70 690 3 6 3.2M 2 
-68 68 685 4 7 4.0M 0 
-68 68 703 5 7 4.6M 3 
-69 69 694 5 6 4.6M 3 
-69 69 693 5 6 4.6M 3 
-69 69 707 5 6 4.3M 3 
-70 70 703 4 6 3.9M 3 
-75 75 723 1 5 1.6M 4 
-73 73 681 1 6 1.4M 4 
-71 71 712 1 6 1.9M 0 
-70 70 706 2 6 2.2M 0 
-70 70 697 4 6 3.8M 1 
-70 70 715 4 6 3.8M 0 
-71 71 680 4 6 2.9M 7 
-67 67 680 4 11 2.7M 0 
