-44 44 680 11 12 8.4M 5 
-43 43 677 12 13 9.7M 4 
-45 45 682 11 12 8.8M 6 
-44 44 663 10 12 8.3M 4 
-45 45 693 10 12 7.9M 5 
-46 46 670 10 12 7.5M 4 
-45 45 684 10 12 8.0M 4 
-45 45 686 11 12 8.8M 5 
-46 46 664 10 11 7.7M 4 
-46 46 675 11 12 8.6M 3 
-60 60 691 6 8 4.8M 3 
-50 50 690 8 9 6.1M 4 
-44 44 684 11 12 8.8M 7 
-44 44 674 11 12 8.5M 5 
-44 44 692 11 12 8.8M 4 
-44 44 690 11 12 8.5M 5 
-44 44 669 11 12 8.5M 5 
-44 44 685 11 12 8.5M 4 
-44 44 708 11 12 8.4M 5 
-45 45 677 11 12 8.4M 4 
-44 44 668 11 12 8.6M 4 
-44 44 686 11 12 8.7M 4 
-44 44 696 11 12 8.9M 5 
-44 44 701 11 12 8.6M 4 
-44 44 659 11 13 8.5M 5 
-44 44 681 11 12 8.5M 4 
-44 44 680 11 12 8.5M 4 
-44 44 691 11 12 8.6M 5 
-44 44 685 10 12 8.3M 5 
-44 44 702 11 12 8.5M 4 
-44 44 695 11 12 8.8M 4 
-44 44 680 11 12 8.6M 5 
-44 44 674 10 12 8.4M 4 
-44 44 692 11 12 8.4M 4 
-44 44 676 11 12 8.7M 4 
-44 44 688 10 12 8.3M 5 
-44 44 678 11 12 8.4M 4 
-44 44 673 11 12 8.4M 4 
-44 44 675 11 12 8.4M 4 
-44 44 714 11 12 8.6M 4 
-44 44 710 11 12 8.6M 5 
-44 44 674 11 12 8.8M 5 
-44 44 681 10 12 8.4M 4 
-44 44 687 11 12 8.8M 5 
-44 44 676 10 12 8.2M 4 
-44 44 678 11 12 8.6M 4 
-44 44 682 10 12 8.1M 5 
-45 45 681 10 12 7.8M 4 
-44 44 668 10 12 8.4M 5 
-43 43 666 12 13 9.8M 5 
-46 46 701 10 12 7.7M 4 
-46 46 670 10 12 7.5M 5 
-46 46 682 9 12 7.4M 5 
-46 46 702 10 12 7.9M 5 
-45 45 700 10 12 7.5M 4 
-45 45 671 9 12 7.5M 4 
-45 45 686 10 12 7.6M 4 
-45 45 670 10 12 7.7M 4 
-46 46 689 9 12 7.4M 5 
-45 45 686 9 12 7.4M 4 
-45 45 695 9 12 7.3M 5 
-45 45 682 10 12 7.6M 4 
-45 45 706 9 12 7.0M 4 
-45 45 691 9 12 7.4M 5 
-45 45 689 10 12 7.9M 4 
-45 45 669 10 12 8.2M 5 
-45 45 695 10 12 7.8M 5 
-46 46 679 10 12 7.9M 4 
-45 45 713 9 12 7.4M 4 
-46 46 695 9 12 7.5M 4 
-45 45 683 9 12 7.5M 4 
-45 45 679 10 12 8.0M 5 
-45 45 689 10 12 7.7M 5 
-45 45 697 9 12 7.4M 5 
-45 45 678 9 12 7.3M 4 
-45 45 672 10 12 7.5M 5 
-45 45 687 10 12 7.7M 4 
-44 44 673 11 13 9.0M 5 
-45 45 712 10 12 7.9M 5 
-45 45 691 9 12 7.1M 4 
-45 45 672 10 12 7.5M 4 
-45 45 688 10 12 7.5M 5 
-45 45 684 10 12 7.7M 5 
-44 44 689 10 12 7.6M 4 
-44 44 677 9 12 7.5M 4 
-45 45 676 10 12 7.6M 5 
-45 45 665 10 12 7.6M 4 
-45 45 679 9 12 7.3M 5 
-45 45 694 10 12 7.6M 4 
-44 44 679 10 12 8.3M 5 
-45 45 675 10 12 7.8M 5 
-46 46 691 9 11 7.3M 4 
-46 46 706 9 11 7.3M 5 
-46 46 680 8 11 6.7M 5 
-46 46 696 9 11 7.0M 4 
-46 46 680 9 11 6.9M 4 
-46 46 701 9 11 7.4M 4 
-43 43 685 9 26 2.5M 5 
