-45 45 611 9 12 7.4M 2 
-45 45 620 11 12 8.4M 4 
-44 44 626 11 12 9.3M 3 
-44 44 619 12 13 9.9M 4 
-44 44 626 12 13 9.5M 3 
-45 45 625 11 12 8.9M 4 
-45 45 599 11 12 8.5M 5 
-45 45 615 11 12 8.6M 5 
-45 45 633 11 12 8.5M 4 
-45 45 621 11 12 9.0M 3 
-45 45 608 11 12 8.9M 5 
-45 45 642 11 12 8.6M 4 
-45 45 609 11 12 8.7M 4 
-44 44 618 12 13 9.6M 4 
-44 44 602 12 13 9.6M 3 
-44 44 622 12 13 9.5M 3 
-44 44 622 12 13 9.6M 4 
-44 44 599 12 13 9.4M 4 
-44 44 614 12 12 9.4M 4 
-45 45 631 11 12 8.6M 4 
-44 44 623 12 13 10M 5 
-44 44 614 12 13 9.6M 4 
-44 44 620 12 13 9.7M 4 
-44 44 603 12 13 9.6M 3 
-44 44 636 11 12 9.3M 4 
-44 44 612 12 13 9.4M 4 
-45 45 602 11 12 9.1M 4 
-45 45 617 11 12 8.5M 4 
-45 45 617 11 12 8.8M 4 
-45 45 629 11 12 8.4M 7 
-45 45 610 11 12 8.5M 5 
-45 45 620 11 12 8.4M 5 
-44 44 610 11 12 9.3M 5 
-44 44 623 12 13 9.7M 3 
-44 44 625 12 13 9.8M 3 
-44 44 613 12 13 9.8M 3 
-44 44 617 12 13 9.8M 5 
-44 44 624 12 13 9.9M 4 
-44 44 603 12 13 9.8M 4 
-44 44 621 12 13 10M 4 
-44 44 642 12 13 10M 4 
-44 44 599 12 13 9.8M 4 
-44 44 634 12 13 10.0M 5 
-44 44 623 12 13 9.9M 5 
-44 44 629 12 13 9.7M 4 
-44 44 607 12 13 9.8M 4 
-44 44 603 12 13 9.9M 4 
-44 44 622 12 13 9.9M 4 
-44 44 636 12 13 10M 4 
-44 44 634 12 13 9.8M 5 
-44 44 621 12 13 9.5M 4 
-44 44 626 12 13 9.7M 4 
-44 44 622 12 13 10M 5 
-44 44 619 12 13 10M 4 
-44 44 634 12 12 9.6M 4 
-45 45 624 11 12 9.0M 5 
-44 44 645 12 13 9.9M 4 
-44 44 628 12 13 9.7M 3 
-44 44 631 12 13 9.8M 5 
-44 44 608 12 13 9.7M 3 
-45 45 609 12 12 9.4M 4 
-45 45 625 11 11 8.4M 4 
-44 44 615 12 13 9.5M 4 
-44 44 625 12 13 9.5M 5 
-45 45 639 12 13 9.4M 5 
-44 44 625 12 13 9.6M 5 
-44 44 618 12 13 9.5M 3 
-45 45 617 12 13 9.5M 5 
-44 44 621 12 13 9.4M 4 
-44 44 613 12 13 9.5M 4 
-44 44 635 12 13 9.4M 4 
-44 44 620 12 13 9.7M 4 
-44 44 606 12 13 9.7M 3 
-44 44 625 12 13 9.5M 5 
-44 44 604 12 13 9.4M 4 
-44 44 612 12 13 9.4M 6 
-44 44 648 12 13 9.5M 4 
-45 45 629 12 13 9.6M 4 
-44 44 617 12 13 9.5M 5 
-44 44 624 12 13 9.6M 4 
-44 44 620 12 13 9.4M 4 
-44 44 625 12 13 9.4M 4 
-44 44 629 12 13 9.5M 4 
-44 44 611 12 13 9.3M 6 
-44 44 625 12 13 9.4M 5 
-44 44 620 11 13 9.3M 4 
-44 44 619 12 13 9.4M 5 
-44 44 629 11 13 9.4M 4 
-45 45 636 11 12 8.9M 4 
-46 46 623 10 11 7.8M 4 
-46 46 640 10 11 8.1M 4 
-44 44 623 11 12 9.2M 4 
-44 44 633 11 13 9.4M 4 
-44 44 627 11 13 9.3M 4 
-44 44 617 12 13 9.5M 4 
-44 44 604 11 13 9.2M 4 
-44 44 644 12 13 9.5M 4 
-44 44 642 12 13 9.5M 4 
-44 44 633 11 13 9.4M 4 
-41 41 643 11 27 3.1M 3  
