-57 57 658 1 8 2.0M 0 
-56 56 667 4 8 3.7M 0 
-57 57 623 5 8 4.5M 1 
-58 58 641 6 7 4.8M 4 
-58 58 654 6 7 4.8M 4 
-59 59 657 6 7 5.0M 5 
-58 58 654 6 7 4.8M 4 
-58 58 657 6 7 5.0M 4 
-56 56 639 6 8 5.0M 4 
-57 57 674 6 7 4.9M 4 
-58 58 635 6 8 4.9M 3 
-57 57 681 6 8 5.0M 2 
-58 58 668 6 8 5.0M 4 
-56 56 658 6 8 4.8M 4 
-58 58 653 6 8 4.8M 4 
-56 56 668 6 8 5.0M 5 
-57 57 659 5 7 4.5M 3 
-57 57 658 6 7 5.0M 5 
-57 57 641 6 7 4.9M 4 
-56 56 645 6 8 4.9M 4 
-57 57 651 6 8 5.0M 5 
-58 58 673 6 7 4.9M 4 
-57 57 645 6 7 5.0M 4 
-58 58 650 6 7 4.9M 3 
-57 57 651 6 8 5.2M 5 
-58 58 669 6 8 4.9M 4 
-58 58 635 6 7 4.6M 4 
-58 58 667 6 7 4.7M 4 
-57 57 659 6 8 5.0M 5 
-58 58 646 6 7 4.9M 4 
-57 57 648 6 8 5.0M 5 
-57 57 660 6 8 4.7M 4 
-58 58 664 6 7 5.1M 4 
-57 57 660 6 7 4.9M 5 
-58 58 655 6 7 4.7M 4 
-57 57 664 6 8 5.0M 4 
-57 57 660 6 8 4.9M 5 
-58 58 657 6 8 4.7M 4 
-57 57 635 6 8 4.7M 4 
-58 58 653 6 7 4.8M 3 
-58 58 672 6 8 4.8M 4 
-58 58 660 6 8 4.9M 5 
-58 58 647 6 8 4.9M 3 
-58 58 672 6 7 4.8M 3 
-59 59 653 6 7 4.9M 4 
-58 58 646 6 7 4.9M 5 
-58 58 662 6 7 4.9M 4 
-57 57 663 6 8 5.0M 4 
-58 58 653 6 7 4.8M 5 
-59 59 664 6 7 5.2M 4 
-58 58 672 6 7 4.8M 4 
-57 57 646 6 8 4.9M 4 
-57 57 659 6 8 4.7M 5 
-58 58 652 6 8 5.0M 4 
-57 57 659 6 8 5.0M 4 
-58 58 657 6 8 5.0M 4 
-58 58 658 6 7 4.8M 5 
-57 57 628 6 7 5.0M 4 
-57 57 634 6 7 4.9M 4 
-57 57 671 6 8 4.9M 4 
-58 58 682 6 8 5.0M 4 
-57 57 645 6 7 5.1M 4 
-57 57 651 6 7 4.8M 4 
-57 57 678 6 8 4.9M 5 
-58 58 681 6 7 4.5M 5 
-59 59 643 6 7 5.0M 4 
-57 57 650 6 7 4.9M 4 
-56 56 646 6 8 5.0M 4 
-57 57 662 6 8 4.9M 5 
-58 58 664 6 7 4.9M 4 
-58 58 677 5 8 4.6M 4 
-58 58 649 6 8 4.7M 4 
-57 57 647 6 8 4.9M 4 
-58 58 679 6 7 4.8M 4 
-57 57 649 6 8 4.7M 4 
-58 58 662 6 7 5.1M 4 
-58 58 660 6 8 5.0M 4 
-57 57 635 6 7 4.8M 4 
-57 57 651 6 8 5.1M 4 
-57 57 676 6 8 4.6M 4 
-57 57 654 6 8 4.7M 5 
-58 58 666 6 7 4.9M 4 
-57 57 658 6 8 4.9M 4 
-58 58 658 6 7 4.9M 4 
-59 59 649 6 7 5.0M 5 
-59 59 667 5 7 4.4M 3 
-58 58 651 6 7 4.9M 4 
-59 59 674 6 8 4.6M 4 
-58 58 646 6 7 5.0M 4 
-58 58 648 6 7 4.8M 4 
-59 59 650 6 7 4.7M 4 
-58 58 670 6 8 4.7M 4 
-58 58 648 6 7 5.0M 5 
-57 57 653 6 7 4.9M 4 
-57 57 643 6 8 4.8M 4 
-58 58 666 6 7 4.9M 4 
-58 58 666 6 8 4.8M 5 
-58 58 667 6 7 4.7M 4 
-58 58 659 6 7 4.6M 4 
-59 59 653 6 7 5.0M 4 
-58 58 672 6 8 4.7M 4 
-57 57 652 6 10 4.0M 4 
