-42 42 493 12 13 10M 4 
-42 42 502 13 13 10M 6 
-43 43 499 11 12 8.9M 5 
-42 42 491 12 13 11M 4 
-42 42 490 11 12 9.2M 4 
-41 41 496 12 14 10M 4 
-42 42 504 11 13 9.0M 5 
-43 43 489 10 12 7.6M 4 
-43 43 499 11 12 8.6M 4 
-42 42 489 12 13 10M 4 
-43 43 515 10 12 7.8M 5 
-46 46 510 7 9 6.0M 1 
-47 47 505 7 8 6.0M 2 
-46 46 509 8 8 6.1M 5 
-46 46 499 8 8 6.1M 4 
-46 46 513 8 8 6.2M 4 
-46 46 493 8 8 6.2M 5 
-46 46 512 9 8 6.5M 5 
-46 46 505 8 8 6.3M 4 
-47 47 505 7 8 5.7M 4 
-47 47 516 7 8 5.9M 4 
-47 47 517 7 8 5.8M 5 
-47 47 526 8 8 6.5M 4 
-47 47 520 7 8 5.8M 5 
-47 47 512 8 8 6.2M 4 
-46 46 504 8 9 6.4M 5 
-46 46 507 9 9 6.7M 4 
-47 47 521 8 8 6.0M 5 
-48 48 516 6 8 5.2M 5 
-48 48 520 6 8 5.3M 4 
-47 47 514 7 8 5.6M 4 
-46 46 525 8 9 6.5M 5 
-48 48 525 7 8 5.4M 5 
-48 48 517 6 8 5.3M 4 
-48 48 510 7 8 5.3M 5 
-46 46 509 7 9 5.7M 4 
-46 46 512 8 9 6.5M 5 
-48 48 514 7 8 5.3M 5 
-48 48 516 6 8 5.2M 5 
-48 48 525 7 8 5.5M 4 
-48 48 514 7 8 5.4M 5 
-47 47 512 6 8 5.3M 4 
-47 47 526 7 8 5.4M 4 
-48 48 542 7 8 5.4M 4 
-47 47 518 7 8 5.4M 5 
-47 47 533 7 8 5.4M 4 
-46 46 515 8 9 6.4M 4 
-47 47 524 7 8 5.5M 5 
-47 47 527 8 9 6.3M 5 
-47 47 529 7 8 5.8M 4 
-46 46 531 8 9 6.4M 4 
-46 46 517 9 9 6.6M 5 
-46 46 525 8 9 6.5M 4 
-46 46 526 8 9 6.4M 4 
-47 47 523 7 8 5.6M 5 
-46 46 525 8 8 6.4M 4 
-46 46 533 8 9 6.5M 4 
-47 47 534 7 8 5.9M 5 
-47 47 533 6 8 5.2M 4 
-46 46 537 8 8 6.2M 4 
-46 46 530 8 8 6.4M 4 
-47 47 539 7 8 5.4M 4 
-48 48 533 6 8 5.2M 5 
-47 47 535 7 8 5.8M 4 
-46 46 539 8 9 6.4M 5 
-47 47 531 6 8 5.3M 4 
-46 46 535 8 9 6.3M 5 
-47 47 531 7 8 5.4M 5 
-47 47 523 7 8 5.5M 4 
-46 46 535 9 9 6.6M 4 
-46 46 535 9 9 6.9M 4 
-47 47 526 8 8 6.0M 5 
-46 46 541 9 8 6.6M 4 
-46 46 530 8 8 6.3M 5 
-46 46 533 8 8 6.3M 4 
-47 47 534 9 8 6.7M 4 
-46 46 535 8 8 6.5M 5 
-46 46 547 9 8 6.9M 4 
-46 46 541 9 8 6.6M 5 
-46 46 542 9 8 6.7M 4 
-46 46 545 8 8 6.4M 4 
-45 45 556 9 9 6.8M 4 
-46 46 542 9 8 6.8M 4 
-44 44 536 10 9 7.5M 4 
-46 46 547 7 8 5.9M 4 
-46 46 531 7 8 5.7M 5 
-46 46 527 7 8 5.8M 4 
-46 46 542 7 8 5.7M 4 
-47 47 550 7 8 5.6M 4 
-46 46 535 7 8 5.7M 5 
-47 47 552 7 8 5.6M 4 
-46 46 540 7 8 5.7M 4 
-45 45 536 10 9 7.3M 4 
-46 46 553 8 9 6.3M 5 
-46 46 565 8 9 6.3M 4 
-46 46 541 8 9 6.2M 4 
-44 44 527 9 10 7.0M 4 
-46 46 542 8 9 6.5M 4 
-46 46 543 8 8 6.6M 4 
-39 39 550 8 30 1.2M 4 
