-67 67 636 4 7 3.8M 4 
-65 65 659 5 7 4.5M 3 
-66 66 670 5 7 4.4M 4 
-67 67 654 4 6 3.9M 3 
-67 67 654 5 7 4.0M 4 
-66 66 648 6 7 4.7M 4 
-66 66 654 6 7 4.9M 4 
-67 67 671 5 7 3.9M 4 
-66 66 650 5 7 4.2M 3 
-66 66 649 5 7 4.4M 3 
-65 65 665 6 7 4.8M 3 
-67 67 686 5 7 4.0M 4 
-67 67 647 5 7 4.0M 3 
-66 66 674 5 7 4.3M 4 
-67 67 652 5 6 4.0M 4 
-67 67 658 5 7 4.4M 4 
-66 66 660 5 7 4.3M 4 
-66 66 654 5 7 4.5M 4 
-66 66 673 6 7 4.8M 5 
-66 66 638 5 7 4.3M 3 
-66 66 644 6 7 4.9M 4 
-67 67 670 6 7 4.8M 4 
-67 67 657 5 7 4.5M 4 
-67 67 628 5 7 4.6M 3 
-68 68 663 4 6 3.6M 4 
-67 67 667 5 7 4.1M 2 
-67 67 656 5 7 4.3M 4 
-69 69 660 4 6 3.8M 4 
-67 67 661 5 7 4.7M 3 
-67 67 683 5 7 4.5M 4 
-66 66 636 6 7 5.3M 3 
-67 67 660 6 7 5.3M 4 
-67 67 661 6 7 5.2M 4 
-66 66 661 6 7 5.1M 4 
-67 67 676 4 7 3.9M 3 
-67 67 641 5 7 4.4M 4 
-68 68 671 5 6 4.0M 3 
-67 67 688 5 7 4.5M 5 
-67 67 650 5 7 4.5M 4 
-67 67 651 5 7 4.5M 4 
-67 67 654 5 7 4.1M 3 
-67 67 664 5 7 4.6M 4 
-67 67 694 5 6 4.1M 4 
-67 67 661 5 7 4.5M 4 
-66 66 663 6 7 4.1M 7 
-68 68 657 4 7 3.8M 3 
-67 67 678 4 7 3.7M 2 
-67 67 668 4 7 3.9M 1 
-68 68 675 4 7 3.9M 3 
-68 68 668 4 6 3.7M 5 
-67 67 651 5 7 4.3M 1 
-66 66 664 6 7 4.9M 5 
-69 69 646 4 6 3.6M 4 
-69 69 654 4 6 3.8M 3 
-69 69 685 4 6 3.7M 4 
-68 68 664 4 7 3.8M 2 
-68 68 659 5 7 4.1M 2 
-67 67 656 5 7 4.3M 3 
-68 68 677 5 7 4.2M 4 
-67 67 650 5 7 4.4M 4 
-67 67 670 5 7 4.7M 4 
-67 67 669 5 7 4.2M 2 
-67 67 646 5 7 4.3M 3 
-66 66 661 5 7 4.3M 4 
-66 66 663 5 7 4.6M 4 
-67 67 652 5 7 4.5M 3 
-68 68 659 5 7 4.1M 3 
-67 67 656 5 7 4.3M 3 
-67 67 643 5 7 4.3M 4 
-68 68 652 5 7 4.1M 4 
-67 67 653 5 7 4.5M 4 
-67 67 656 5 7 4.2M 4 
-67 67 662 5 7 4.3M 4 
-68 68 663 5 7 4.2M 3 
-66 66 668 6 7 4.8M 3 
-66 66 649 5 7 4.3M 3 
-66 66 659 5 7 4.4M 4 
-67 67 666 5 7 4.3M 5 
-66 66 669 5 7 4.3M 3 
-67 67 653 5 7 4.4M 4 
-68 68 652 5 7 4.2M 5 
-68 68 675 4 7 3.8M 3 
-68 68 685 4 7 3.8M 3 
-69 69 660 4 6 3.9M 4 
-67 67 647 5 7 4.4M 4 
-68 68 687 5 7 4.1M 4 
-67 67 681 5 7 4.4M 3 
-68 68 665 5 7 4.0M 4 
-68 68 650 4 7 3.9M 3 
-69 69 666 4 7 3.8M 3 
-68 68 661 4 6 2.3M 10 
-68 68 688 2 6 2.2M 0 
-67 67 670 4 7 3.7M 1 
-67 67 665 4 7 3.9M 2 
-67 67 653 5 7 4.3M 3 
-67 67 660 5 7 4.6M 4 
-66 66 641 5 7 4.6M 4 
-67 67 667 5 7 4.1M 4 
-66 66 660 5 7 4.3M 4 
-67 67 638 5 7 4.4M 4 
-63 63 656 5 13 2.7M 4  
