RSRP (dB) | MCS | SINR (dB) | DL Brate (bps) | BLER (%)
--------------------------------------------------------------------------
-54 6 8 5.0M 4 
-56 6 7 4.6M 4 
-56 6 7 4.8M 5 
-54 6 8 4.7M 4 
-54 6 8 4.9M 3 
-55 6 8 4.9M 1 
-55 5 7 4.5M 3 
-55 6 8 4.8M 4 
-54 6 8 4.9M 3 
-54 6 8 5.3M 2 
-54 6 8 5.0M 3 
-54 6 8 4.8M 5 
-54 6 8 5.0M 5 
-54 6 8 4.8M 4 
-54 6 8 4.9M 4 
-54 6 8 4.8M 4 
-54 6 8 4.9M 5 
-54 6 8 5.0M 4 
-54 6 7 4.8M 4 
-55 6 8 4.7M 4 
-55 6 8 4.9M 4 
-55 6 8 4.9M 4 
-55 6 7 4.9M 4 
-56 6 7 4.7M 4 
-55 6 8 5.1M 4 
-55 6 7 4.6M 4 
-55 6 7 5.1M 4 
-55 6 7 5.1M 4 
-55 6 8 5.0M 4 
-55 6 8 4.9M 4 
-55 6 8 4.6M 4 
-56 6 7 4.8M 4 
-55 6 8 4.9M 5 
-55 6 7 4.9M 4 
-55 6 8 4.9M 4 
-56 6 7 4.9M 4 
-55 6 8 5.0M 3 
-55 5 7 4.5M 4 
-54 6 8 4.9M 4 
-54 6 8 4.9M 4 
-54 6 8 5.0M 5 
-56 6 7 5.0M 4 
-54 6 8 4.9M 4 
-54 6 8 4.6M 4 
-54 6 8 5.0M 4 
-54 6 8 5.0M 4 
-56 6 7 4.8M 3 
-56 6 7 4.7M 5 
-56 6 7 4.6M 5 
-56 6 8 4.7M 4 
-56 6 7 4.9M 3 
-54 6 8 5.1M 4 
-54 6 8 4.9M 5 
-54 6 8 5.0M 4 
-55 6 7 4.8M 4 
-55 6 8 5.0M 4 
-54 6 8 5.1M 5 
-54 6 8 4.9M 5 
-54 6 7 4.9M 4 
-54 6 8 5.0M 4 
-54 6 8 4.9M 4 
-54 6 8 4.9M 4 
-55 5 8 4.7M 2 
-54 6 8 4.8M 4 
-54 6 8 4.9M 4 
-54 6 8 4.7M 5 
-55 6 8 5.0M 2 
-55 6 7 4.8M 4 
-54 6 8 5.0M 4 
-55 6 8 5.2M 3 
-56 6 7 4.9M 5 
-54 6 8 5.1M 4 
-56 6 7 5.0M 5 
-56 6 7 5.0M 4 
-55 6 8 5.0M 4 
-54 6 8 4.8M 4 
-55 6 8 5.1M 4 
-55 6 8 4.9M 2 
-56 6 7 4.8M 4 
-55 6 7 5.0M 5 
-54 6 8 4.9M 3 
-54 6 8 4.8M 4 
-55 6 8 4.8M 3 
-54 6 8 5.0M 3 
-54 6 8 4.8M 5 
-55 6 7 4.7M 4 
-54 6 8 4.7M 4 
-54 6 8 5.0M 4 
-54 6 8 4.9M 5 
-54 6 8 4.9M 4 
-54 6 8 5.0M 4 
-54 6 8 4.9M 4 
-54 7 8 4.4M 8 
-55 5 8 4.7M 0 
-55 5 8 4.6M 3 
-56 5 7 4.6M 3 
-54 6 8 4.7M 4 
-54 6 8 5.0M 4 
-55 6 8 4.8M 4 
-54 6 8 5.0M 3 
-54 6 8 4.7M 4 
-55 6 8 4.7M 4 
-54 6 8 4.8M 4 
-54 6 8 4.9M 4 
-56 6 7 4.9M 4 
-54 6 8 5.1M 4 
-54 6 8 4.9M 4 
-55 5 8 4.5M 4 
-56 6 7 4.7M 3 
-57 6 7 4.7M 3 
-56 6 7 4.6M 4 
-56 6 7 4.7M 4 
-55 6 8 4.9M 3 
-55 6 8 4.9M 4 
-55 6 7 4.7M 3 
-54 6 8 4.9M 4 
-55 6 8 4.8M 4 
-55 6 7 4.9M 4 
-54 6 8 4.8M 4 
-55 6 8 5.1M 4 
-55 5 8 4.5M 1 
-54 6 8 4.9M 4 
-55 6 7 4.8M 4 
-54 6 8 4.3M 4 
-46 19 31 5.5k 20 
-46 0 32 0.0 -46 0 32 0.0 -45 0 32 0.0 -45 0 32 0.0 -45 0 32 0.0 