RSRP (dB) | MCS | SINR (dB) | DL Brate (bps) | BLER (%)
--------------------------------------------------------------------------
-51 8 9 6.2M 4 
-52 7 8 5.5M 4 
-51 7 8 5.4M 4 
-49 9 10 7.1M 4 
-49 9 10 7.0M 4 
-49 9 10 7.2M 4 
-51 8 9 6.1M 4 
-50 9 10 6.8M 4 
-50 8 9 6.3M 4 
-52 7 8 5.5M 3 
-52 7 8 5.5M 4 
-50 8 9 6.4M 3 
-51 7 9 5.9M 3 
-50 9 9 6.9M 4 
-50 8 9 6.6M 4 
-51 7 9 5.9M 4 
-50 9 9 6.6M 4 
-49 9 9 7.0M 4 
-49 9 9 6.9M 4 
-50 9 9 6.9M 4 
-50 9 9 7.1M 4 
-51 8 9 6.2M 4 
-51 7 9 5.8M 3 
-50 9 9 7.1M 3 
-51 8 9 6.3M 5 
-50 7 9 6.0M 3 
-49 10 9 7.6M 4 
-50 9 9 6.7M 3 
-49 9 9 7.3M 3 
-50 9 9 7.1M 4 
-49 8 9 6.2M 5 
-50 8 9 6.6M 3 
-50 9 9 6.8M 4 
-49 9 9 7.0M 4 
-50 9 9 6.3M 6 
-50 8 9 6.6M 3 
-50 9 9 7.3M 4 
-50 9 9 6.8M 4 
-50 9 9 6.8M 5 
-49 9 9 6.7M 4 
-50 9 9 6.9M 2 
-52 7 8 5.4M 4 
-50 8 9 6.6M 4 
-50 9 9 6.9M 4 
-50 9 9 7.0M 4 
-50 9 9 6.8M 4 
-50 9 9 6.9M 4 
-50 9 9 6.8M 4 
-50 9 9 7.0M 4 
-51 10 9 7.3M 5 
-51 7 8 5.7M 3 
-51 8 9 6.3M 4 
-51 9 9 6.8M 4 
-50 9 9 7.0M 4 
-50 9 9 6.7M 3 
-50 8 9 6.6M 4 
-50 8 9 6.5M 4 
-52 7 8 5.7M 4 
-50 9 9 7.2M 4 
-51 8 9 6.4M 4 
-51 7 9 5.7M 4 
-49 10 10 7.8M 4 
-50 8 9 6.6M 4 
-50 7 9 5.9M 4 
-50 9 9 6.8M 4 
-49 9 9 6.8M 4 
-50 10 9 7.6M 4 
-50 9 9 6.8M 4 
-50 9 9 7.1M 3 
-50 9 9 7.2M 2 
-49 9 9 7.0M 4 
-50 9 9 7.1M 4 
-50 9 9 7.0M 4 
-51 8 9 6.2M 5 
-53 7 8 5.5M 2 
-51 8 9 6.1M 4 
-52 6 8 5.1M 4 
-50 10 9 7.4M 3 
-50 10 9 7.3M 4 
-50 9 9 6.6M 4 
-51 7 8 5.6M 4 
-50 8 9 6.5M 4 
-51 7 9 5.9M 3 
-50 10 9 7.5M 5 
-50 8 9 6.4M 3 
-51 7 9 5.8M 3 
-50 8 9 6.4M 4 
-49 9 9 6.9M 4 
-49 8 9 6.6M 4 
-51 7 9 5.8M 2 
-51 8 9 6.4M 4 
-50 10 9 7.4M 4 
-51 8 8 6.0M 7 
-50 7 9 5.9M 1 
-50 8 9 6.4M 4 
-50 9 9 6.7M 4 
-50 8 9 6.5M 4 
-50 9 9 6.7M 4 
-50 8 9 6.5M 4 
-50 9 9 6.8M 4 
-51 8 9 6.2M 4 
-51 8 9 6.5M 3 
-51 7 9 5.7M 4 
-50 8 9 6.6M 4 
-50 8 9 6.6M 3 
-51 7 9 6.0M 2 
-50 8 9 6.4M 4 
-50 10 10 7.5M 3 
-50 10 10 7.8M 4 
-50 9 10 6.9M 4 
-50 10 10 7.4M 4 
-51 7 8 5.5M 4 
-50 9 9 7.2M 4 
-50 8 9 6.6M 4 
-50 9 9 6.7M 4 
-50 9 9 6.8M 4 
-50 9 9 7.1M 4 
-50 8 9 6.6M 4 
-50 9 9 6.6M 4 
-50 8 9 6.4M 4 
-50 8 9 6.2M 3 
-50 9 9 6.8M 4 
-52 7 8 5.6M 4 
-52 7 8 5.6M 4 
-50 9 9 6.7M 4 
-50 9 9 6.8M 4 
-50 9 9 6.9M 4 
-45 10 26 1.9M 3 
-43 0 33 0.0 -43 0 33 0.0 -43 0 33 0.0 -43 0 33 0.0 