RSRP (dB) | MCS | SINR (dB) | DL Brate (bps) | BLER (%)
--------------------------------------------------------------------------
-61 5 7 4.5M 1 
-61 6 7 4.8M 4 
-62 6 7 5.0M 4 
-61 6 7 5.2M 5 
-61 6 7 4.8M 4 
-61 6 7 4.8M 4 
-61 6 7 5.2M 4 
-61 6 7 5.3M 4 
-60 6 7 4.7M 5 
-60 6 7 5.1M 4 
-62 6 7 5.0M 5 
-62 6 7 4.7M 4 
-62 6 7 4.8M 4 
-62 6 7 4.7M 4 
-62 6 7 5.1M 4 
-61 6 7 5.0M 4 
-61 6 7 4.8M 5 
-62 6 7 5.3M 3 
-61 6 7 5.0M 4 
-62 6 7 5.5M 2 
-62 7 7 5.3M 5 
-61 6 7 5.0M 6 
-61 6 7 4.9M 4 
-60 6 7 4.9M 4 
-61 6 7 4.9M 4 
-61 6 7 5.0M 3 
-61 6 7 5.1M 5 
-61 6 7 5.0M 3 
-62 6 7 5.4M 3 
-62 6 7 4.9M 6 
-62 6 7 5.2M 4 
-61 6 7 4.8M 3 
-61 6 7 5.1M 4 
-61 6 7 4.9M 5 
-61 6 7 4.9M 5 
-60 6 7 4.6M 4 
-61 6 7 4.8M 4 
-60 6 7 5.0M 4 
-61 6 7 4.9M 4 
-62 6 7 5.2M 5 
-62 6 7 5.0M 4 
-61 6 7 5.2M 3 
-62 6 7 4.6M 5 
-61 6 7 4.7M 3 
-61 6 7 5.3M 5 
-61 6 7 4.7M 5 
-61 6 7 5.3M 4 
-62 6 7 4.7M 3 
-61 6 7 5.4M 2 
-61 7 7 5.3M 5 
-61 6 7 5.0M 6 
-61 6 7 5.0M 3 
-61 7 7 5.4M 5 
-61 6 7 5.0M 4 
-62 6 7 5.1M 3 
-62 6 7 5.3M 5 
-62 6 7 5.1M 4 
-62 7 7 5.4M 5 
-62 6 7 5.1M 5 
-61 6 7 5.3M 2 
-61 6 7 5.2M 5 
-62 6 7 4.9M 6 
-62 6 7 5.0M 4 
-61 6 7 5.1M 3 
-61 6 7 4.8M 4 
-62 6 7 5.3M 3 
-62 6 7 5.0M 5 
-61 6 7 4.9M 4 
-61 6 7 5.0M 3 
-61 6 7 4.9M 4 
-62 6 7 4.5M 5 
-62 6 7 4.8M 3 
-63 6 7 4.6M 5 
-62 7 7 5.3M 5 
-62 5 7 4.6M 3 
-62 6 7 5.0M 4 
-62 6 7 5.0M 4 
-61 6 7 4.9M 4 
-61 6 7 4.9M 4 
-61 6 7 4.7M 3 
-62 6 7 5.3M 2 
-62 6 7 4.9M 7 
-62 6 7 5.2M 4 
-62 7 7 5.4M 4 
-62 6 7 3.8M 9 
-62 5 7 4.5M 0 
-62 7 7 5.3M 5 
-62 6 7 4.7M 4 
-62 6 7 5.0M 4 
-62 6 7 4.1M 5 
-62 6 7 5.0M 4 
-62 6 7 5.3M 2 
-62 7 7 5.2M 6 
-62 6 7 4.7M 5 
-62 7 7 5.1M 6 
-62 5 7 4.0M 2 
-62 6 7 4.8M 2 
-62 6 7 5.2M 4 
-62 6 7 5.3M 2 
-62 7 7 5.1M 8 
-62 6 7 4.9M 4 
-62 6 7 4.9M 4 
-61 6 7 4.8M 5 
-61 6 7 4.9M 4 
-61 6 7 5.0M 4 
-61 6 7 5.1M 4 
-61 7 7 5.3M 5 
-61 6 7 4.8M 5 
-62 5 7 4.6M 3 
-62 6 7 5.1M 3 
-62 7 7 5.4M 4 
-62 6 7 5.0M 5 
-62 6 7 4.8M 3 
-62 6 7 5.2M 2 
-62 6 7 5.2M 5 
-62 6 7 4.8M 5 
-62 6 7 5.0M 3 
-62 6 7 5.3M 2 
-62 6 7 4.8M 8 
-62 6 7 5.0M 3 
-62 6 7 4.9M 5 
-59 6 12 3.8M 3 
-49 0 30 0.0 -50 0 29 0.0 -49 0 30 0.0 -49 2 30 4.2k 0 
