RSRP (dB) | MCS | SINR (dB) | DL Brate (bps) | BLER (%)
--------------------------------------------------------------------------
-60 5 7 4.3M 0 
-59 6 7 4.9M 4 
-60 6 7 4.8M 4 
-60 6 7 5.1M 4 
-61 6 7 5.0M 5 
-59 6 7 4.6M 4 
-60 6 7 5.2M 3 
-60 6 7 4.6M 5 
-59 6 7 4.9M 4 
-60 6 7 4.9M 5 
-60 6 7 4.7M 3 
-60 6 7 4.7M 4 
-59 6 7 4.5M 5 
-60 6 7 4.8M 3 
-61 6 7 4.7M 4 
-61 6 7 5.0M 4 
-61 6 7 5.0M 4 
-61 6 7 4.8M 5 
-60 6 7 4.7M 4 
-60 6 7 4.9M 4 
-60 6 7 4.9M 5 
-60 6 7 5.2M 2 
-60 6 7 5.1M 6 
-60 6 7 5.1M 3 
-60 6 7 4.5M 5 
-60 6 7 5.0M 3 
-59 6 7 4.7M 5 
-60 6 7 4.8M 4 
-59 6 7 4.9M 4 
-59 6 7 4.8M 4 
-59 6 7 5.1M 4 
-59 6 7 5.0M 4 
-59 6 7 4.9M 5 
-59 6 7 5.0M 4 
-60 6 7 4.9M 4 
-60 5 7 4.5M 4 
-59 6 7 5.0M 5 
-59 6 7 4.8M 4 
-59 6 7 4.9M 4 
-59 6 7 5.2M 3 
-59 6 7 4.8M 5 
-59 6 7 4.7M 4 
-60 6 7 5.1M 3 
-59 6 7 5.1M 3 
-59 7 7 5.4M 6 
-59 6 7 5.0M 6 
-59 6 7 5.0M 4 
-60 6 7 5.0M 3 
-59 7 7 5.3M 5 
-59 6 7 4.8M 5 
-59 6 7 5.1M 3 
-60 6 7 5.0M 5 
-60 6 7 5.0M 5 
-59 6 7 4.8M 4 
-59 6 7 4.8M 4 
-59 6 7 4.8M 4 
-60 6 7 5.0M 5 
-59 6 7 4.8M 4 
-59 6 7 4.2M 5 
-59 6 7 4.8M 3 
-59 6 7 5.0M 4 
-59 6 7 5.1M 4 
-60 6 7 4.8M 5 
-60 6 7 5.2M 2 
-59 7 7 5.3M 7 
-59 6 7 5.0M 5 
-60 6 7 4.9M 4 
-60 6 7 5.0M 4 
-60 6 7 5.0M 5 
-60 6 7 4.6M 4 
-60 5 7 4.6M 3 
-60 6 7 5.0M 4 
-60 6 7 4.9M 5 
-60 6 7 4.9M 4 
-60 6 7 4.7M 4 
-60 6 7 5.0M 3 
-61 6 7 5.1M 5 
-60 6 7 4.8M 2 
-60 7 7 5.2M 6 
-60 6 7 5.0M 3 
-61 6 7 5.0M 5 
-61 6 7 4.9M 4 
-61 6 7 4.9M 5 
-60 6 7 4.6M 4 
-61 6 7 5.1M 5 
-61 6 7 4.8M 3 
-61 6 7 4.9M 3 
-61 6 7 4.9M 4 
-61 6 7 4.8M 5 
-61 6 7 4.9M 5 
-61 6 7 4.6M 4 
-62 6 7 5.1M 3 
-61 6 7 5.1M 5 
-62 6 7 4.7M 4 
-62 6 7 5.0M 4 
-61 6 7 4.9M 3 
-61 6 7 4.8M 5 
-61 6 7 4.9M 5 
-61 6 7 5.0M 3 
-61 6 7 4.5M 5 
-60 6 7 4.7M 5 
-61 6 7 4.8M 4 
-61 6 7 4.9M 4 
-60 6 7 4.9M 3 
-60 6 7 4.9M 5 
-60 6 7 5.2M 3 
-61 6 7 4.9M 4 
-61 6 7 5.0M 2 
-61 6 7 5.0M 5 
-61 6 7 4.9M 4 
-60 6 7 5.0M 4 
-61 6 7 5.4M 2 
-60 6 7 4.9M 6 
-61 6 7 5.0M 6 
-60 6 7 4.9M 3 
-60 6 7 5.0M 5 
-59 7 7 4.5M 8 
-61 5 7 4.2M 0 
-60 5 7 4.5M 3 
-60 6 7 5.0M 4 
-61 6 9 4.3M 4 
-50 11 30 504 0 
-49 0 30 0.0 -48 0 31 0.0 -49 0 30 0.0 