RSRP (dB) | MCS | SINR (dB) | DL Brate (bps) | BLER (%)
--------------------------------------------------------------------------
-65 2 8 1.9M 4 
-65 1 7 1.7M 0 
-64 2 7 2.2M 0 
-64 3 7 2.8M 0 
-64 4 7 3.9M 1 
-64 5 7 4.0M 2 
-65 3 7 3.2M 2 
-65 1 7 2.1M 0 
-65 1 7 2.0M 0 
-66 1 7 1.9M 0 
-66 2 7 2.2M 0 
-64 5 9 1.9M 13 
-65 0 7 1.3M 0 
-65 0 7 1.3M 0 
-65 1 7 1.4M 0 
-61 1 13 914k 0 
-55 1 26 0.0 -53 1 27 2.9k 0 
-54 17 25 517k 52 
-61 8 16 2.1M 22 
-64 1 7 1.3M 0 
-65 0 7 1.3M 0 
-65 1 7 1.7M 0 
-65 1 7 1.8M 0 
-65 1 7 2.0M 0 
-65 1 7 1.9M 0 
-65 0 7 1.5M 0 
-64 1 7 1.6M 0 
-64 2 7 1.5M 4 
-64 0 7 1.3M 0 
-65 1 7 1.6M 0 
-65 1 7 1.4M 0 
-64 1 7 1.5M 0 
-65 0 7 1.5M 0 
-61 14 13 890k 28 
-65 2 7 1.5M 5 
-65 0 7 1.3M 0 
-62 0 11 967k 0 
-54 1 25 0.0 -54 1 26 2.7k 0 
-53 0 27 0.0 -54 27 26 133k 37 
-62 8 13 1.9M 21 
-64 0 7 1.3M 0 
-64 0 7 1.3M 0 
-65 0 7 1.3M 0 
-57 0 22 220k 0 
-54 1 26 0.0 -54 2 26 1.0k 0 
-53 0 27 56 0 
-56 13 23 827k 45 
-57 18 22 1.4M 31 
-64 1 8 1.8M 1 
-65 0 7 1.3M 0 
-56 0 23 170k 0 
-54 1 27 10k 0 
-55 21 25 578k 45 
-63 6 13 2.1M 20 
-64 1 7 1.3M 0 
-65 1 7 1.4M 0 
-65 1 7 1.7M 0 
-65 0 7 1.5M 0 
-64 0 7 1.5M 0 
-64 1 7 1.7M 0 
-63 0 9 1.3M 0 
-56 1 25 0.0 -54 1 27 4.0k 0 
-53 24 26 109k 0 
-62 8 14 2.1M 26 
-65 0 7 1.3M 0 
-65 0 7 1.3M 0 
-65 1 7 1.7M 0 
-65 1 7 2.0M 0 
-65 2 7 2.1M 0 
-65 1 7 2.1M 0 
-65 1 7 1.9M 0 
-64 1 7 1.8M 0 
-65 0 7 1.7M 0 
-65 0 7 1.5M 0 
-64 0 7 1.5M 0 
-64 1 7 1.3M 0 
-59 0 17 616k 0 
-54 1 26 0.0 -54 1 27 1.2k 0 
-58 10 20 1.1M 37 
-65 1 7 1.3M 0 
-65 2 7 1.5M 7 
-65 0 7 1.3M 0 
-64 3 8 1.5M 6 
-64 1 10 1.2M 7 
-65 0 7 1.3M 0 
-65 0 7 1.3M 0 
-65 1 7 1.3M 0 
-65 1 7 1.5M 0 
-65 1 7 1.8M 0 
-65 1 7 1.6M 0 
-66 2 7 2.1M 0 
-66 2 7 2.1M 0 
-65 2 7 2.2M 0 
-65 2 7 2.3M 0 
-66 2 7 2.1M 0 
-66 2 7 2.4M 0 
-66 4 7 3.5M 0 
-66 3 7 3.3M 1 
-65 2 7 2.3M 0 
-66 1 7 2.1M 0 
-66 2 7 2.2M 0 
-66 0 7 1.6M 0 
-66 2 7 1.8M 0 
-66 2 7 2.4M 0 
-66 2 7 2.2M 0 
-66 0 7 1.6M 0 
-65 1 7 1.8M 0 
-65 2 7 1.9M 4 
-66 0 7 1.4M 0 
-66 1 7 1.6M 0 
-65 0 7 1.5M 0 
-65 0 7 1.4M 0 
-66 2 7 1.5M 0 
-65 0 7 1.4M 0 
-60 0 15 643k 0 
-55 1 26 0.0 -54 1 26 1.7k 0 
-54 21 26 92k 38 
-53 0 26 0.0 -53 0 26 0.0 -53 0 27 0.0 