RSRP (dB) | MCS | SINR (dB) | DL Brate (bps) | BLER (%)
--------------------------------------------------------------------------
-63 0 7 1.5M 0 
-63 2 7 2.4M 0 
-64 4 7 3.8M 0 
-64 4 7 4.1M 0 
-62 6 7 4.6M 4 
-62 5 7 4.4M 1 
-64 5 7 4.5M 2 
-62 5 7 4.1M 2 
-62 5 7 4.1M 0 
-61 4 7 4.1M 0 
-61 6 7 4.7M 4 
-61 6 7 4.7M 4 
-61 5 7 4.4M 1 
-61 6 7 4.6M 4 
-61 6 7 4.6M 3 
-62 5 7 4.5M 3 
-61 5 7 4.3M 2 
-61 6 7 5.0M 4 
-62 6 7 5.1M 3 
-61 7 7 4.6M 8 
-61 5 7 4.3M 0 
-61 5 7 4.4M 2 
-61 6 7 4.7M 4 
-62 5 7 4.5M 4 
-63 6 7 5.0M 4 
-63 6 7 5.0M 4 
-63 6 7 4.8M 4 
-64 6 7 4.9M 4 
-63 6 7 4.9M 1 
-65 6 7 5.1M 4 
-64 6 7 4.9M 4 
-65 6 7 5.1M 3 
-65 6 7 4.8M 3 
-64 6 7 4.6M 4 
-62 6 7 4.7M 4 
-63 6 7 4.9M 3 
-64 6 7 4.9M 2 
-63 6 7 4.9M 4 
-63 6 7 5.2M 4 
-63 6 7 5.1M 3 
-63 5 7 4.4M 4 
-63 6 7 5.1M 4 
-63 6 7 5.0M 3 
-62 6 7 5.0M 3 
-63 6 7 5.0M 4 
-64 6 7 5.1M 2 
-64 6 7 4.6M 5 
-63 5 7 4.5M 2 
-63 5 7 4.6M 2 
-63 5 7 4.6M 3 
-64 5 7 4.6M 3 
-63 5 7 4.6M 3 
-64 6 7 4.7M 3 
-63 5 7 4.6M 4 
-62 5 7 4.6M 3 
-62 5 7 4.5M 3 
-62 5 7 4.5M 4 
-61 5 7 4.4M 4 
-62 5 7 4.5M 4 
-62 6 7 4.8M 3 
-62 5 7 4.6M 3 
-62 5 7 4.3M 2 
-62 5 7 4.1M 1 
-62 5 7 4.4M 3 
-63 5 7 4.4M 3 
-62 6 7 4.7M 4 
-62 5 7 4.4M 3 
-63 5 7 4.7M 3 
-62 5 7 4.3M 3 
-61 6 7 4.8M 4 
-61 6 7 4.7M 3 
-62 6 7 5.1M 4 
-62 6 7 5.0M 4 
-62 6 7 4.8M 4 
-62 5 7 4.5M 2 
-61 6 7 4.9M 4 
-63 5 7 4.2M 1 
-63 5 7 4.4M 1 
-63 6 7 4.9M 2 
-62 6 7 4.7M 3 
-62 6 7 4.9M 3 
-62 6 7 4.9M 4 
-63 6 7 5.1M 3 
-64 5 7 4.5M 2 
-63 6 7 5.0M 4 
-62 5 7 4.6M 3 
-61 6 7 4.6M 4 
-61 5 7 4.3M 1 
-62 5 7 4.6M 3 
-62 6 7 4.7M 4 
-62 5 7 4.5M 3 
-62 5 7 4.3M 3 
-61 5 7 4.3M 1 
-61 6 7 4.7M 3 
-61 5 7 4.5M 2 
-62 5 7 4.5M 3 
-62 6 7 4.9M 2 
-62 5 7 4.5M 3 
-62 5 7 4.4M 1 
-62 5 7 4.3M 1 
-62 5 7 4.7M 2 
-63 5 7 4.3M 3 
-64 5 7 4.2M 1 
-64 4 7 4.0M 0 
-65 5 7 4.1M 1 
-64 4 7 4.1M 0 
-62 5 7 4.3M 0 
-61 6 7 4.7M 4 
-63 5 7 4.6M 1 
-62 6 7 5.0M 3 
-61 6 7 4.9M 5 
-61 6 7 4.7M 4 
-61 5 7 4.3M 1 
-60 6 7 3.9M 6 
-63 5 7 4.1M 0 
-63 6 7 4.8M 3 
-63 6 7 5.2M 3 
-61 6 7 4.6M 3 
-60 6 7 4.9M 3 
-62 5 7 4.4M 2 
-63 6 7 4.8M 3 
-63 6 7 5.2M 4 
-63 6 7 5.0M 3 
-63 6 7 4.9M 5 
-59 5 15 2.9M 2 
-51 0 27 0.0 -51 0 26 0.0 -51 0 28 0.0 -51 0 28 0.0 -51 0 28 0.0 -52 0 28 0.0 -52 0 28 0.0 -51 0 28 0.0 -51 0 28 0.0 -51 0 28 0.0 -51 0 28 0.0 -52 0 28 0.0 -52 0 28 0.0 -51 0 28 0.0 -52 0 28 0.0 -52 0 28 0.0 -51 0 29 0.0 -52 0 28 0.0 -52 0 28 0.0 -51 0 28 0.0 -51 0 28 0.0 -51 0 29 0.0 -51 0 29 0.0 -51 0 29 0.0 -51 0 28 0.0 -51 2 29 4.5k 0 
