RSRP (dB) | MCS | SINR (dB) | DL Brate (bps) | BLER (%)
--------------------------------------------------------------------------
-68 2 9 1.3M 5 
-67 2 10 1.4M 5 
-69 0 6 1.3M 0 
-68 1 7 1.6M 0 
-69 1 6 2.0M 0 
-67 2 7 2.3M 0 
-68 3 6 3.2M 2 
-69 3 7 2.9M 4 
-69 2 6 1.8M 0 
-69 3 7 1.8M 7 
-70 0 6 1.4M 3 
-70 1 6 1.6M 0 
-71 1 6 1.9M 0 
-72 2 6 2.4M 1 
-72 1 6 2.0M 0 
-71 2 6 2.2M 0 
-70 3 7 1.8M 10 
-71 1 7 1.3M 5 
-71 2 6 1.4M 0 
-71 1 6 1.8M 0 
-72 1 6 1.8M 0 
-72 1 6 1.9M 1 
-71 3 6 2.4M 5 
-71 0 6 1.5M 0 
-71 1 6 1.9M 0 
-71 1 6 1.8M 2 
-71 1 6 1.9M 0 
-71 1 6 2.1M 0 
-71 1 6 1.9M 0 
-71 1 6 1.9M 0 
-72 3 6 2.8M 3 
-71 1 6 1.9M 0 
-71 1 6 1.9M 0 
-72 3 6 2.5M 3 
-71 1 6 1.9M 0 
-72 2 6 2.6M 0 
-71 4 6 3.4M 1 
-72 3 6 2.9M 1 
-72 3 6 3.3M 2 
-71 2 6 2.0M 4 
-71 1 6 1.9M 0 
-72 3 6 2.8M 2 
-72 3 6 2.8M 0 
-69 3 6 3.0M 1 
-69 3 6 2.9M 2 
-69 2 6 2.6M 0 
-70 4 6 3.8M 0 
-70 3 6 2.5M 3 
-69 1 6 1.9M 0 
-68 2 6 2.0M 0 
-69 2 7 2.1M 1 
-69 2 8 1.4M 3 
-69 1 7 1.4M 3 
-69 1 6 1.7M 0 
-68 2 6 2.1M 0 
-69 2 6 2.0M 0 
-70 1 6 2.0M 0 
-70 1 6 1.8M 4 
-69 1 6 1.5M 0 
-68 1 7 1.6M 0 
-66 3 8 1.7M 7 
-69 0 6 1.2M 2 
-68 1 6 1.3M 0 
-69 1 6 1.8M 0 
-68 1 7 2.0M 0 
-67 1 7 1.9M 0 
-66 4 9 2.0M 10 
-68 0 7 1.4M 0 
-69 1 6 1.8M 0 
-70 2 6 2.0M 0 
-69 2 6 2.1M 0 
-68 2 6 2.1M 0 
-69 1 6 1.8M 0 
-71 1 6 1.8M 0 
-69 2 6 2.0M 0 
-67 1 7 1.7M 3 
-68 0 7 1.3M 0 
-69 1 6 2.0M 0 
-70 1 6 1.7M 0 
-70 1 6 1.8M 0 
-71 1 6 1.8M 1 
-70 1 6 2.0M 0 
-70 1 6 1.9M 0 
-70 1 6 1.8M 0 
-68 2 7 1.9M 3 
-67 2 11 1.1M 3 
-69 1 6 1.6M 0 
-70 0 6 1.6M 0 
-70 2 6 1.9M 0 
-71 2 6 2.1M 0 
-70 2 6 2.6M 0 
-70 2 6 2.6M 0 
-72 2 6 2.3M 0 
-71 3 6 2.8M 0 
-70 3 6 3.0M 1 
-71 3 6 3.2M 0 
-71 3 6 3.0M 1 
-72 1 6 1.9M 0 
-71 2 6 2.5M 0 
-71 2 6 2.6M 1 
-71 1 6 2.0M 0 
-70 2 6 2.0M 0 
-70 1 6 2.0M 0 
-70 2 6 2.6M 0 
-70 4 6 3.8M 0 
-71 4 6 3.5M 0 
-70 3 6 2.5M 3 
-71 1 6 2.0M 0 
-71 1 6 2.0M 0 
-71 3 6 3.1M 0 
-71 3 6 3.2M 1 
-71 2 6 2.6M 1 
-70 3 6 3.2M 0 
-70 4 6 3.8M 0 
-70 4 6 3.8M 2 
-71 4 6 3.7M 2 
-71 4 6 3.6M 2 
-69 2 6 2.0M 1 
-70 1 6 1.8M 0 
-69 1 7 1.9M 0 
-69 1 6 1.7M 0 
-69 1 6 2.0M 0 
-68 2 7 2.0M 0 
-68 0 7 1.5M 0 
-65 1 11 1.2M 0 
-59 0 21 0.0 -59 0 21 0.0 -59 0 19 0.0 -59 0 20 0.0 